CODI ESTRUCTURA Especie ALT COPA PIVI DRMA DEMA LUAR ANTR PRMO TROG ERRU PHOC TUTO TUME TUPH TUVI SYBO SYAT PHBO PHCO REGU REIG AECA PACR PAAT PAMA SIEU CEFA CEBR GAGL FRCO SECI LOCU PYRA EMCA G_m2_ha ALCDOM PEUSMHA RECHERB p_G_fina p_N_fina p_G_median p_N_median p_G_gruesa p_N_gruesa Dfina Dmedia Dgruesa DT SD_maderaFMG RECARBUSTIU TOTR TOTA GENR GENA SPER SPEA UBIR UBIA GRER GREA GRIR GRIA EXCR EXCA PARR PARA SOTR SOTA EDGR EDGA CORR CORA INHR INHA EXTR EXTA HOLR HOLA DHOR DHOA NLTR NLTA
1 ALIBV1 BV Uncinata 1957.339966 1 0 1 1 0 0 0 0 2 0 0 1 0 0 0 0 0 0 0 0 0 1 6 0 0 0 3 0 4 0 0 0 0 46.4 14.3 137.93 53 16.9302675 54.60385439 26.01927972 22.69807281 57.05045278 22.69807281 510 212 212 934 172.0503802 9 9 20 4 8 5 12 0 0 3 5 1 3 2 2 2 7 2 3 2 3 2 2 5 15 3 6 2 2 2 7 2 5
2 ALIBV3 BV Uncinata 1964.30356 0 0 1 1 0 0 0 0 0 0 0 1 0 1 0 0 0 0 0 0 0 4 8 0 1 1 2 0 3 0 0 0 0 27.3 13.9 42.44 53 19.79522184 53.23590814 24.91467577 23.38204593 55.29010239 23.38204593 255 112 112 479 82.56108849 9 10 23 3 5 7 18 0 0 5 6 3 4 2 2 2 12 1 1 1 1 2 5 7 17 3 5 2 2 3 13 2 3
3 ALITF2 TF Uncinata 2046.033721 0 0 0 0 0 0 0 0 0 1 1 0 0 2 0 0 0 0 0 0 0 1 3 0 0 0 0 0 5 4 4 0 0 4.2 9.8 42.44 50 75.44434051 86.79245283 24.55565949 13.20754717 0 0 138 21 0 159 74.35724578 37 8 21 4 12 3 8 1 1 0 0 0 0 0 0 2 4 0 0 4 8 1 1 3 12 5 16 0 0 2 4 1 1
4 ALITF4 TF Uncinata 2100.349421 0 0 0 1 0 0 0 0 0 0 0 0 0 0 0 0 0 0 0 0 0 1 4 0 0 0 0 0 4 2 0 0 2 5.2 9 0 27 68.95615056 86.8852459 31.04384944 13.1147541 0 0 212 32 0 244 114.2861905 45 6 14 2 6 3 6 1 2 1 1 0 0 1 1 2 5 0 0 2 4 1 1 3 9 3 8 1 1 2 5 0 0
5 ALITF5 TF Uncinata 2031.079956 0 0 0 1 0 1 0 0 0 0 0 0 0 0 0 0 1 0 0 0 0 0 4 0 0 0 0 0 4 4 0 0 0 3.1 9.3 0 28 100 100 0 0 0 0 170 0 0 170 98.14954576 91 6 15 2 8 3 6 1 1 1 1 0 0 1 1 1 4 0 0 3 6 0 0 3 9 4 10 1 1 1 4 0 0
6 ALITF6 TF Uncinata 2071.376414 0 0 0 1 1 1 0 0 1 3 1 0 0 0 0 0 0 0 1 0 0 3 1 0 0 0 0 0 4 4 0 0 2 5.7 9.2 10.61 35 57.25518227 83.1372549 42.74481773 16.8627451 0 0 212 43 0 255 112.0669443 41 12 23 4 10 4 6 4 7 1 1 0 0 1 1 2 4 1 1 7 13 1 3 4 7 7 14 1 1 2 4 2 4
7 ALITF7 TF Uncinata 1944.226897 0 0 0 1 0 0 0 0 1 0 3 0 2 1 0 0 0 0 0 0 0 1 3 0 0 0 0 0 5 3 0 0 0 3.7 8.7 10.61 23 58.59213251 84.90566038 41.40786749 15.09433962 0 0 180 32 0 212 96.02777376 64 9 20 5 13 4 7 0 0 1 1 0 0 1 1 2 4 1 1 5 10 1 1 3 9 5 14 1 1 2 4 1 1
8 ALITF8 TF Uncinata 1933.592695 0 0 0 1 0 0 0 0 2 1 0 0 0 1 0 0 0 0 1 0 0 0 4 0 0 0 0 0 3 0 1 0 1 5.5 8.6 47.75 32.6 85.2724595 94.71947195 14.7275405 5.280528053 0 0 287 16 0 303 161.2792609 55.6 9 15 3 6 4 7 2 2 1 1 0 0 1 1 1 4 1 2 4 5 0 0 5 10 5 7 1 1 1 4 2 3
9 ALPTD11.1 TD Uncinata 1769.256813 0 0 1 0 0 0 0 0 0 0 1 0 1 1 0 0 0 0 1 0 0 0 5 0 1 0 2 0 5 9 0 1 0 32.8 17.3 10.61 75 2.579000415 9.696969697 20.79800794 35.45454545 76.62299164 54.84848485 32 117 181 330 74.74623736 11 11 28 4 16 7 12 0 0 3 4 2 3 1 1 1 5 0 0 5 13 1 1 5 14 7 19 1 1 2 6 1 2
10 ALPTD12.1 TD Uncinata 1759.921292 0 0 0 1 0 0 3 0 0 0 1 3 3 1 0 2 0 0 0 1 0 0 4 0 1 0 2 0 3 0 0 0 2 20.7 17.3 7.96 56 16.30558723 56.50118203 23.41315089 20.80378251 60.28126188 22.69503546 239 88 96 423 84.96469855 47 13 27 5 11 7 14 1 2 3 4 2 3 1 1 1 4 2 5 5 10 0 0 8 17 9 19 1 1 2 5 1 2
11 ALPTD12.2 TD Uncinata 1691.352722 0 0 0 1 0 0 2 0 2 0 0 0 0 0 0 0 0 0 0 0 0 2 3 0 1 0 1 0 2 1 1 0 0 26 15.7 31.83 52 22.06901692 50.92250923 49.15405828 40.95940959 28.7769248 8.118081181 276 222 44 542 121.397419 25 10 16 4 7 6 9 0 0 3 3 2 2 1 1 2 5 1 2 3 5 1 2 6 9 4 6 1 1 3 6 2 3
12 ALPTF13.1 TF Uncinata 1781.969626 1 1 1 1 0 1 1 0 3 0 1 0 1 0 0 0 0 0 2 1 0 1 5 0 0 0 1 0 1 0 0 0 0 19.6 15 21.22 62 49.79811575 89.81779207 12.31493943 4.501607717 37.88694482 5.680600214 838 42 53 933 456.4285267 29 15 22 5 7 8 13 2 2 4 4 1 1 3 3 2 6 1 3 7 9 2 2 6 11 8 9 3 3 2 6 2 4
13 ANEBV2 BV Uncinata 2017.73999 0 0 0 0 0 0 0 0 0 0 0 0 0 0 0 0 0 0 0 0 0 0 4 0 0 3 0 0 1 0 0 0 0 32.8 13.9 21.22 82 9.429863191 41.66666667 24.13246433 27.85087719 66.43767248 30.48245614 190 127 139 456 33.45145737 39 3 8 1 1 2 7 0 0 1 3 1 3 0 0 1 4 0 0 0 0 0 0 3 8 1 1 0 0 1 4 1 3
14 ANEBV3 BV Uncinata 2038.77002 1 1 0 2 0 0 1 0 0 0 0 0 0 0 0 0 0 2 0 0 0 1 10 0 0 1 0 0 5 0 0 0 0 15.9 12 21.22 77 7.831021438 42.85714286 17.99495586 19.19642857 74.1740227 37.94642857 96 43 85 224 27.97022226 30 9 24 3 7 5 16 1 1 3 4 1 1 2 3 2 11 0 0 4 5 1 1 4 18 4 9 2 3 2 11 1 1
15 ANEBV5 BV Uncinata 2055.560059 0 0 0 2 0 0 2 0 0 0 0 0 0 0 0 0 0 0 1 0 0 1 7 0 0 1 0 0 4 3 0 0 0 35.9 13.4 31.83 68 8.713166317 38.54389722 17.17249752 22.69807281 74.11433617 38.75802998 180 106 181 467 43.01550108 64 8 21 3 9 5 12 0 0 2 3 1 1 1 2 2 8 0 0 2 5 1 1 5 15 4 10 1 2 2 8 1 1
16 ANEBV6 BV Uncinata 2147.800049 0 0 0 2 0 0 2 0 0 0 0 0 0 1 0 0 0 0 3 0 0 0 4 0 0 0 0 0 3 0 0 0 0 54.9 14.3 63.66 60 8.891914162 36.57770801 15.86715867 23.39089482 75.24092717 40.03139717 233 149 255 637 55.94044452 52 6 15 3 6 3 9 0 0 1 2 0 0 1 2 1 4 0 0 2 3 0 0 4 12 4 9 1 2 1 4 0 0
17 ANEBV7 BV Uncinata 2114.929932 0 0 0 1 0 0 2 0 0 0 0 0 0 0 0 0 0 1 0 0 0 1 6 0 0 0 0 1 1 0 0 0 0 42.3 13.7 53.05 73 19.35853927 55.89459085 19.85564744 19.14008322 60.7858133 24.96532594 403 138 180 721 142.4300998 70 7 13 3 4 4 9 0 0 1 1 0 0 1 1 2 7 0 0 2 3 2 2 3 8 4 5 1 1 2 7 0 0
18 ARABV00.1 BV Uncinata 2055.479981 0 0 0 1 0 0 1 2 2 0 0 1 0 0 0 0 0 0 0 0 0 2 3 0 0 0 2 0 2 1 0 0 0 44.9 13.3 84.88 87 33.64283235 68.48635236 35.33061437 21.91894127 31.02655328 9.594706369 828 265 116 1209 375.5249659 72 10 17 6 9 4 8 0 0 2 3 1 2 1 1 2 5 3 5 3 4 1 2 6 11 4 5 1 1 2 5 3 6
19 ARABV00.2 BV Uncinata 2088.51001 0 0 0 1 0 0 1 1 1 0 1 0 0 0 0 0 0 0 0 0 0 2 2 0 0 0 1 0 2 0 0 0 0 26.2 13.2 42.44 75 36.7245283 78.04597701 23.48679245 12.18390805 39.78867925 9.770114943 679 106 85 870 337.0474744 62 9 12 5 6 4 6 0 0 2 2 1 1 1 1 2 4 2 2 3 3 1 2 5 7 3 4 1 1 2 4 3 3
20 ARABV1 BV Uncinata 2192.620117 0 0 0 2 0 0 0 0 0 0 0 0 0 0 0 0 0 0 1 0 0 1 8 0 1 0 1 0 1 0 3 0 0 65.2 14.5 84.88 42 6.071470211 31.80628272 20.29847266 27.87958115 73.63005713 40.31413613 243 213 308 764 48.56267428 19 8 18 1 1 7 17 0 0 3 4 2 2 1 2 2 9 0 0 0 0 1 1 7 17 3 5 1 2 3 10 1 1
21 ARABV2 BV Uncinata 2188.27002 0 0 0 1 0 0 2 1 1 0 0 0 1 0 0 1 0 0 1 0 0 0 7 0 0 0 1 0 3 0 0 0 0 46.7 14 169.76 77 20.9088599 53.01478953 34.6730476 31.39931741 44.4180925 15.58589306 466 276 137 879 165.1575006 71 10 19 4 7 6 12 0 0 2 2 1 1 1 1 1 7 3 3 3 4 0 0 7 15 5 8 1 1 1 7 3 3
22 ARABV47.1 BV Uncinata 2098.590088 0 0 0 2 0 0 0 0 0 0 0 0 0 0 0 0 0 0 0 0 0 2 3 0 0 0 2 0 4 3 0 0 0 27 12.9 95.49 48 28.16790052 64.99215071 22.31006972 15.07064364 49.52202976 19.93720565 414 96 127 637 175.3349176 46 6 16 2 7 4 9 0 0 2 4 1 2 1 2 2 5 0 0 1 3 1 2 4 11 2 7 1 2 2 5 1 2
23 ARABV49.1 BV Uncinata 2121.969971 1 0 0 1 0 0 0 0 1 0 2 0 0 1 0 0 0 0 2 0 0 2 3 0 0 0 1 0 3 3 2 0 0 51 13.9 286.48 60 24.84914127 60.87328767 37.1886121 27.31164384 37.96224663 11.81506849 711 319 138 1168 292.9032832 11 12 22 6 11 6 11 0 0 2 2 1 1 1 1 2 5 1 1 5 8 1 2 6 12 7 14 1 1 2 5 2 2
24 ARAFM01.1 FM Uncinata 1811.914682 0 0 0 1 0 0 0 0 0 0 1 0 0 0 0 2 0 1 2 0 0 1 5 0 0 0 2 0 4 0 0 0 0 49.6 16.8 159.15 10 15.08246697 48.89779559 37.40326741 30.86172345 47.51426561 20.24048096 488 308 202 998 144.5867675 65 9 19 2 5 7 14 0 0 2 3 1 2 1 1 2 6 1 2 2 2 1 1 6 16 5 10 1 1 2 6 1 2
25 ARAFM13.1 FM Uncinata 1811.732284 0 0 0 1 0 0 0 0 1 0 0 0 0 2 0 0 0 0 1 0 0 3 5 0 0 0 2 0 4 0 2 0 0 44.2 16.3 148.54 53 15.13952977 38.16604709 49.90990991 44.73358116 34.95056032 17.10037175 308 361 138 807 116.5032188 44 9 21 3 7 6 14 0 0 2 3 1 2 1 1 2 8 1 1 2 3 1 3 6 15 4 9 1 1 2 8 2 3
26 ARAFM14.1 FM Uncinata 1892.279442 0 0 0 1 0 0 1 0 1 0 1 0 0 1 0 0 0 0 1 0 0 2 5 0 1 0 3 0 3 0 0 0 0 57.5 16.3 148.54 35 17.0526817 45.42343884 43.49556168 38.15226689 39.45175662 16.42429427 531 446 192 1169 176.3812159 28 11 20 5 7 6 13 0 0 3 5 2 4 1 1 2 7 1 1 4 4 1 2 6 14 5 7 1 1 3 8 2 4
27 ARATD27.1 TD Uncinata 2127.313868 0 0 0 1 0 0 0 0 0 0 1 0 0 0 0 0 0 0 4 0 0 1 8 0 0 0 1 0 3 2 0 0 0 39.9 15.9 74.27 27 20.88399442 43.95465995 53.68746263 45.46599496 25.42854295 10.57934509 349 361 84 794 156.5769247 21 8 21 3 6 5 15 0 0 2 2 1 1 1 1 2 9 0 0 2 3 1 1 5 17 4 10 1 1 2 9 1 1
28 ARATD27.2 TD Uncinata 2109.526529 0 0 0 1 0 0 0 1 2 0 1 0 0 0 0 0 0 1 2 0 0 2 7 0 0 0 2 0 2 1 0 0 0 24.8 16.2 74.27 32 26.54017334 61.73393124 47.07581791 31.83856502 26.38400875 6.427503737 413 213 43 669 185.2025918 21 11 22 5 7 6 15 0 0 2 3 1 2 1 1 2 9 2 3 4 5 1 2 6 15 5 7 1 1 2 9 3 5
29 ARATD27.3 TD Uncinata 2200.642231 0 0 0 1 0 0 0 0 1 0 0 0 0 0 0 0 0 0 2 0 0 2 7 0 0 0 2 0 3 0 0 0 0 40.2 17.1 74.27 15 11.5377033 42.26804124 35.55446033 32.84241532 52.90783637 24.88954345 287 223 169 679 59.07057925 64 7 18 2 4 5 14 0 0 2 3 1 2 1 1 2 9 1 1 1 1 1 2 5 15 2 5 1 1 2 9 2 3
30 ARATF26.1 TF Uncinata 2039.651834 0 0 0 0 0 0 2 0 1 0 0 0 0 1 0 0 0 0 1 0 0 1 4 0 0 0 0 0 0 0 0 0 0 21.5 13.2 42.44 28 64.05111131 88.54368932 24.76379016 9.32038835 11.18509853 2.13592233 912 96 22 1030 493.8677286 50 6 10 3 4 3 6 0 0 0 0 0 0 0 0 2 5 1 1 3 4 1 1 2 5 3 4 0 0 2 5 1 1
31 BESBV1 BV Uncinata 2207.350098 0 0 0 1 0 0 0 2 0 0 0 1 0 4 0 0 0 0 1 0 0 2 3 0 0 0 1 0 3 0 1 1 0 56 13.5 42.44 60 9.656614956 30.86419753 43.4547673 42.87317621 46.88861774 26.26262626 275 382 234 891 76.41334962 60 11 20 4 10 7 10 0 0 2 2 1 1 1 1 2 5 2 3 2 5 1 2 8 13 6 11 1 1 2 5 2 3
32 BESBV2 BV Uncinata 2181.540039 1 0 0 1 0 0 0 1 0 0 0 1 0 0 0 0 0 0 0 0 0 1 6 0 0 0 1 0 4 0 0 1 0 35.6 12.6 0 83 8.042778414 37.65690377 25.42696568 31.17154812 66.53025591 31.17154812 180 149 149 478 17.89785834 91 9 17 4 7 5 10 0 0 2 2 1 1 1 1 2 7 2 2 2 2 1 1 6 14 4 7 1 1 2 7 2 2
33 BESFM1 FM Uncinata 2135.426204 0 0 0 1 0 0 0 3 0 0 0 0 0 0 0 0 0 0 1 0 0 1 7 0 0 0 2 0 4 0 0 1 0 75.2 16.4 424.41 60 20.45580002 47.42268041 39.23980759 34.29553265 40.3043924 18.28178694 690 499 266 1455 212.3464151 60 8 20 2 7 6 13 0 0 2 3 1 2 1 1 2 8 1 3 1 1 1 1 6 18 3 6 1 1 2 8 2 5
34 BESFM2 FM Uncinata 2121.455791 1 0 1 1 0 0 2 0 0 0 0 1 0 0 0 1 0 0 1 0 0 2 4 0 0 0 2 1 6 0 0 0 0 52.1 16.5 74.27 77 7.086090267 26.86357243 29.01341811 34.31786217 63.90049163 38.8185654 191 244 276 711 42.93017587 88 12 23 5 11 7 12 0 0 3 4 1 2 2 2 2 6 2 2 2 3 3 4 7 16 7 13 2 2 2 6 1 2
35 BESFM3 FM Uncinata 2127.938042 1 0 0 4 0 0 1 0 0 0 0 1 0 2 0 0 0 0 3 0 0 1 4 0 0 0 0 0 5 0 0 0 0 48.9 16 106.1 73 15.45830352 40.25974026 39.24000318 36.68831169 45.3016933 23.05194805 372 339 213 924 83.91066678 85 9 22 5 10 4 12 0 0 1 4 0 0 1 4 2 5 1 1 3 4 1 1 5 17 6 13 1 4 2 5 0 0
36 BOEBV1 BV Uncinata 2151.030029 0 0 0 0 0 0 0 0 2 0 0 0 0 0 0 0 0 0 4 0 0 2 5 0 1 1 0 0 2 0 0 0 0 35.4 13.5 95.49 57 27.66076317 62.58503401 37.90714565 26.53061224 34.43209118 10.88435374 552 234 96 882 233.8461032 30 7 17 2 4 5 13 0 0 2 2 2 2 0 0 2 7 1 2 1 2 1 2 5 13 2 6 0 0 3 8 2 3
37 BOEBV2 BV Uncinata 1991.089966 1 0 0 1 0 0 0 0 1 0 0 0 0 1 0 1 0 0 3 0 0 2 6 0 0 0 1 0 2 0 1 1 0 26.4 13.4 10.61 45 16.9594997 49.89247312 29.2659321 31.82795699 53.7745682 18.27956989 232 148 85 465 73.74957627 24 12 21 4 5 8 16 0 0 2 2 1 1 1 1 2 8 2 2 4 4 1 2 7 15 7 10 1 1 2 8 2 2
38 BOEBV3 BV Uncinata 1939.199951 0 0 1 0 0 0 0 2 2 0 0 0 0 0 0 2 0 0 3 0 0 1 4 0 0 0 0 1 3 0 0 0 0 51.3 14.3 53.05 35 7.546044292 37.32057416 11.60241593 16.90590112 80.85153978 45.77352472 234 106 287 627 93.05374791 55 9 19 4 8 5 11 0 0 1 1 0 0 1 1 2 5 3 6 1 2 3 3 5 14 4 9 1 1 2 5 2 4
39 BOEBV4 BV Uncinata 1940.069946 0 0 0 1 0 0 1 2 2 0 0 0 0 1 0 2 0 1 2 0 0 1 4 0 1 0 1 0 4 0 0 0 0 38.1 14.7 42.44 42 10.0703788 41.39344262 18.25191472 26.02459016 71.67770648 32.58196721 202 127 159 488 37.6342043 52 13 23 5 10 8 13 0 0 3 3 2 2 1 1 2 5 3 6 4 5 1 1 8 17 6 11 1 1 3 6 3 5
40 BURFM1 FM Uncinata 1879.523109 1 0 0 1 0 0 0 0 0 0 0 0 2 0 0 0 0 0 2 0 0 2 4 0 0 0 1 0 1 0 4 0 0 58.2 16.4 63.66 68 16.72236376 42.11453744 45.83595275 40.17621145 37.44168349 17.7092511 478 456 201 1135 153.9686115 52 9 18 2 2 7 16 0 0 2 2 1 1 1 1 2 6 0 0 2 3 1 2 6 13 5 10 1 1 2 6 1 1
41 BURFM2 FM Uncinata 1934.700089 0 0 0 1 0 0 0 0 0 0 2 0 0 1 0 0 0 0 2 0 0 2 3 1 0 0 1 1 1 0 0 0 0 65.1 16.8 403.19 72 32.16929374 65.15885837 45.87941595 28.00215401 21.95129031 6.838987614 1210 520 127 1857 548.245383 14 10 15 4 5 6 10 0 0 2 2 1 1 1 1 3 6 0 0 2 3 2 3 6 9 5 7 1 1 3 6 1 1
42 BURFM3 FM Uncinata 1836.750876 0 0 0 1 0 0 1 0 0 0 0 0 2 1 0 0 0 0 2 0 0 2 3 0 0 0 1 0 1 0 1 1 0 61.7 15.8 84.88 87 15.34913313 37.38977072 49.42898044 45.76719577 35.22188643 16.84303351 424 519 191 1134 168.769073 36 11 16 3 3 8 13 0 0 2 2 1 1 1 1 2 5 0 0 4 5 1 2 6 9 7 9 1 1 2 5 1 1
43 DASTD28.2 TD Uncinata 2021.647779 0 0 0 1 0 1 1 1 1 0 0 1 0 1 1 1 1 0 1 0 0 1 6 1 0 0 2 0 4 0 1 1 0 26.5 16.1 63.66 70 36.85809559 82.50728863 21.91922934 9.232264334 41.22267506 8.260447036 849 95 85 1029 438.2373786 53 18 27 6 9 11 17 1 1 2 3 1 2 1 1 3 8 5 5 7 7 1 1 10 19 11 14 1 1 3 8 3 4
44 DASTD29.1 TD Uncinata 1669.985155 0 0 0 2 0 0 0 2 2 0 0 1 0 0 0 0 0 3 1 1 0 2 5 0 1 0 2 0 3 0 0 2 0 33.3 19.1 42.44 75 14.35036664 58.6038961 6.851512374 6.980519481 78.79812099 34.41558442 361 43 212 616 159.1047873 56 13 27 4 8 9 19 0 0 3 5 2 3 1 2 2 7 3 5 3 7 1 2 9 18 6 11 1 2 3 8 3 6
45 DASTD3.1 TD Uncinata 1701.056825 0 0 0 1 0 1 2 0 1 0 0 0 1 1 0 0 0 0 0 2 0 1 1 0 0 0 2 0 3 4 0 0 0 15.9 14.3 63.66 73 27.93023539 60.91954023 44.35906818 29.1954023 27.71069643 9.885057471 265 127 43 435 112.0892502 54 12 20 5 11 6 8 1 1 2 3 1 2 1 1 2 2 1 1 6 10 1 1 5 9 7 14 1 1 2 2 2 3
46 DASTD3.2 TD Uncinata 1698.031405 1 0 1 1 0 0 0 0 1 0 0 0 0 2 0 0 0 1 3 0 0 0 4 0 1 0 3 0 2 0 2 0 0 29.5 16.9 31.83 73 10.73641641 47.36 38.75154915 30.56 50.51203444 22.08 296 191 138 625 80.41351462 70 12 22 4 6 8 16 0 0 4 6 2 4 2 2 1 4 1 1 4 5 1 1 7 16 6 11 2 2 2 5 2 4
47 DASTD5.1 TD Uncinata 1897.508782 0 1 1 1 0 1 3 0 1 0 4 0 1 2 0 0 0 0 1 1 0 0 2 0 1 0 1 0 5 2 0 0 0 30.8 17 10.61 75 2.005440628 15.0997151 16.3155564 21.36752137 81.67900297 63.53276353 53 75 223 351 92.45539465 37 16 28 6 17 8 9 2 2 5 5 2 2 3 3 1 2 1 1 8 15 1 1 7 12 9 20 3 3 2 3 2 2
48 DASTD6.2 TD Uncinata 1949.833684 2 0 0 0 0 1 0 0 0 0 0 1 1 2 0 0 0 0 2 1 0 1 5 0 1 0 2 0 4 0 0 0 0 37.7 16.5 42.44 77 18.84538819 51.94968553 30.98361493 25.28301887 50.17099689 22.7672956 413 201 181 795 128.5612694 15 12 23 4 9 7 13 1 1 2 3 2 3 0 0 2 6 1 1 4 6 1 1 7 16 8 14 0 0 3 7 1 2
49 DASTF28.1 TF Uncinata 1765.343742 0 1 1 1 1 1 3 0 0 0 0 1 0 1 0 0 2 0 0 0 0 1 4 0 1 0 1 0 3 5 1 1 0 11.7 15.4 0 72 35.53519769 85.09174312 10.78431373 5.04587156 53.68048859 9.862385321 371 22 43 436 195.7149287 21 17 29 5 13 9 13 3 3 5 5 2 2 3 3 2 5 1 1 8 15 2 2 7 12 10 19 3 3 3 6 1 1
50 DASTF6.1 TF Uncinata 1893.559739 0 1 0 1 0 2 2 0 2 0 2 0 2 0 0 0 0 0 2 0 0 1 5 0 0 0 1 0 3 3 0 2 0 13.5 15.9 31.83 85 27.61151892 60.31331593 48.56013552 31.33159269 23.82834557 8.355091384 231 120 32 383 99.72127824 27 14 29 5 12 7 14 2 3 3 3 1 1 2 2 2 6 1 2 8 16 1 1 5 12 8 18 2 2 2 6 2 3
51 JOUTF1 TF Uncinata 1950.558342 0 0 0 1 0 1 1 0 0 0 0 2 0 1 0 0 0 0 0 0 0 2 4 0 0 0 0 0 4 0 0 1 0 2.4 7.1 10.61 55 100 100 0 0 0 0 265 0 0 265 152.9978213 49 9 17 4 8 4 8 1 1 1 1 0 0 1 1 2 6 1 2 4 4 1 2 4 11 6 10 1 1 2 6 0 0
52 JOUTF2 TF Uncinata 1991.808083 0 0 0 1 0 0 0 0 0 0 0 0 0 0 0 0 0 0 0 0 0 3 6 0 0 0 0 0 5 0 0 0 0 14.4 7.9 63.66 43 70.46149569 89.45409429 29.53850431 10.54590571 0 0 721 85 0 806 394.0308787 24 4 15 1 5 3 10 0 0 1 1 0 0 1 1 2 9 0 0 0 0 1 3 3 12 1 5 1 1 2 9 0 0
53 JOUTF3 TF Uncinata 2045.091907 0 0 0 2 0 2 1 0 0 0 2 0 0 1 0 0 0 0 0 0 0 4 4 0 0 0 0 0 2 0 0 2 2 5.2 8.3 10.61 50 85.48919018 97.41176471 14.51080982 2.588235294 0 0 414 11 0 425 235.9117066 73 10 22 4 6 4 12 2 4 1 2 0 0 1 2 2 8 0 0 6 10 1 4 3 8 7 12 1 2 2 8 0 0
54 LESBV02.1 BV Uncinata 2241.370117 0 0 0 1 0 0 2 0 0 0 0 0 0 1 0 0 0 0 1 0 0 1 5 0 1 1 2 0 2 0 0 1 0 82.6 14.4 212.21 37 9.365522841 36.57548126 14.4948301 20.36474164 76.13964706 43.0597771 361 201 425 987 115.3776408 30 11 18 3 5 8 13 0 0 4 5 3 4 1 1 2 6 0 0 3 4 1 1 7 13 5 7 1 1 3 7 2 3
55 LESBV1 BV Uncinata 2276.209961 0 0 1 0 0 0 0 0 2 0 2 0 0 0 0 0 0 0 0 0 0 1 7 0 0 0 1 0 1 0 0 0 0 43.7 13.8 95.49 23 11.69257718 45.63106796 25.23319466 29.4036061 63.07422816 24.96532594 329 212 180 721 78.43681109 23 7 15 3 5 4 10 0 0 2 2 1 1 1 1 2 8 1 2 2 4 2 2 3 9 2 3 1 1 2 8 2 3
56 LESBV2 BV Uncinata 2261.5 0 0 0 2 0 0 0 0 2 0 1 0 0 0 0 0 0 0 2 0 0 1 3 0 0 0 1 0 1 2 0 0 0 68.5 15.2 647.23 73 15.35805006 45.62706271 35.24559751 34.98349835 49.39635243 19.38943894 553 424 235 1212 159.940614 5 9 15 4 6 5 9 0 0 2 3 1 1 1 2 2 4 1 2 3 5 1 1 5 9 4 6 1 2 2 4 2 3
57 LESBV3 BV Uncinata 2265.370117 0 0 0 2 0 0 0 0 1 0 2 0 0 2 0 0 0 0 0 0 0 3 7 0 0 0 2 0 4 0 0 0 0 52.6 13.5 84.88 75 21.60246759 64.07369498 21.12877759 20.67553736 57.26875482 15.25076766 626 202 149 977 261.4427917 8 8 23 4 9 4 14 0 0 2 4 1 2 1 2 2 10 1 1 3 5 1 3 4 15 3 8 1 2 2 10 2 3
58 LESBV4 BV Uncinata 2272.939941 0 0 0 1 0 0 0 0 2 0 2 0 1 0 0 0 0 0 0 0 0 1 5 0 0 0 0 0 2 0 0 0 0 57.9 13.8 74.27 72 19.86484632 55.09615385 26.87637212 26.53846154 53.25878156 18.36538462 573 276 191 1040 200.5650352 12 7 14 3 6 4 8 0 0 1 1 0 0 1 1 2 6 1 2 3 5 1 1 3 8 3 5 1 1 2 6 1 2
59 LESBV5 BV Uncinata 2208.280029 0 0 0 1 0 0 0 0 3 0 2 0 0 1 0 0 0 0 2 0 0 2 4 0 0 0 1 0 1 0 0 0 0 50.5 14.2 116.71 65 22.35312355 56.58995816 23.19407844 21.12970711 54.45279802 22.28033473 541 202 213 956 192.6248513 32 9 17 4 7 5 10 0 0 2 2 1 1 1 1 2 6 1 3 3 6 1 2 5 9 4 6 1 1 2 6 2 4
60 LESBV6 BV Uncinata 2162.350098 1 0 0 1 0 0 1 0 3 0 0 0 0 0 0 0 0 0 1 0 0 1 7 0 0 0 1 0 2 0 0 1 0 31.9 9.1 148.54 55 15.50765386 45 30.40299906 27.40740741 54.08934708 27.59259259 243 148 149 540 54.56189146 25 10 19 4 7 6 12 0 0 2 2 1 1 1 1 2 8 1 3 4 6 1 1 5 12 5 6 1 1 2 8 2 4
61 LESFM00.1 FM Uncinata 1881.060918 0 0 0 1 0 0 0 0 2 0 1 0 0 0 0 0 0 0 2 0 0 3 4 0 1 0 0 0 4 0 0 0 0 53.4 17.1 159.15 40 20.4231797 55.58659218 28.85748801 25.1396648 50.71933228 19.27374302 597 270 207 1074 209.3633206 24 8 18 3 7 5 11 0 0 2 2 1 1 1 1 2 7 1 2 2 3 1 3 5 12 3 7 1 1 3 8 1 2
62 LESFM11.1 FM Uncinata 1910.528156 0 0 0 1 0 0 0 0 0 0 0 0 0 2 0 0 0 0 1 0 0 2 5 0 0 0 1 0 3 1 0 0 0 61 16.3 254.65 73 21.51437221 51.62002946 48.26328982 37.48159057 30.22233797 10.89837997 701 509 148 1358 280.7709624 7 8 16 3 6 5 10 0 0 2 2 1 1 1 1 2 7 0 0 2 3 1 2 5 11 4 7 1 1 2 7 1 1
63 LESFM11.2 FM Uncinata 1891.385078 0 0 0 1 0 0 0 0 0 0 0 0 0 1 0 0 0 0 2 0 0 1 5 0 1 0 1 0 2 0 0 0 0 49.4 16.2 201.6 47 25.50729233 55.75959933 44.37618897 32.721202 30.11651871 11.51919866 668 392 138 1198 265.0760897 8 8 14 2 3 6 11 0 0 3 3 2 2 1 1 2 6 0 0 1 1 1 1 6 12 3 5 1 1 3 7 1 1
64 LESFM53.1 FM Uncinata 1927.476953 0 0 0 1 0 0 0 0 1 0 0 0 2 1 0 0 0 0 2 0 0 1 4 0 1 0 1 0 0 2 0 0 0 71.8 16 403.19 43 30.09270654 62.10070384 41.17647059 27.55820249 28.73082287 10.34109367 1147 509 191 1847 486.8442598 11 10 16 3 4 7 12 0 0 3 3 2 2 1 1 2 5 1 1 4 6 1 1 5 9 4 7 1 1 3 6 2 2
65 LESFM91.1 FM Uncinata 2030.520957 0 0 0 2 0 0 0 0 1 0 0 0 1 0 0 0 0 0 1 0 0 1 4 0 0 0 1 0 1 0 0 0 0 52.6 16.3 167.11 43 27.4388893 62.4813154 38.76744701 26.15844544 33.79366369 11.36023916 836 350 152 1338 351.960225 10 8 12 2 2 6 10 0 0 2 3 1 1 1 2 2 5 1 1 2 2 1 1 5 9 3 3 1 2 2 5 2 2
66 LESFM91.2 FM Uncinata 2053.182991 0 0 0 2 0 0 0 0 0 0 1 0 2 1 0 0 0 0 3 0 0 1 4 0 1 0 1 0 2 0 0 0 0 54.1 16.4 71.62 61 15.7332337 45.80712788 26.79245283 24.9475891 57.47431347 29.24528302 437 238 279 954 105.0761629 24 10 18 3 4 7 14 0 0 3 4 2 2 1 2 2 5 0 0 3 4 1 1 6 13 5 9 1 2 3 6 1 1
67 LESFM96.3 FM Uncinata 2098.70948 0 0 0 1 0 0 0 0 0 0 1 0 0 0 0 0 0 0 2 0 0 1 5 0 0 0 2 0 3 0 0 0 0 58.4 15.5 103.45 10 24.77932326 54.65703971 43.58031296 33.86281588 31.64036378 11.4801444 757 469 159 1385 299.0674394 39 7 15 2 4 5 11 0 0 2 3 1 2 1 1 2 6 0 0 1 1 1 1 5 13 3 6 1 1 2 6 1 2
68 LESTD91.3 TD Uncinata 2017.85311 0 0 0 2 0 0 0 0 1 0 0 0 0 0 0 0 0 0 1 0 0 2 4 0 1 0 3 0 2 1 1 0 0 24.1 16.5 10.61 50 19.36183893 54.79704797 42.0270053 33.39483395 38.61115576 11.80811808 297 181 64 542 116.5003577 5 10 18 3 4 7 14 0 0 3 6 2 4 1 2 2 6 1 1 2 2 1 2 7 14 4 5 1 2 3 7 2 4
69 LESTD91.4 TD Uncinata 1989.35567 0 0 0 2 0 0 2 0 1 0 0 0 0 0 0 0 0 0 2 0 0 1 8 0 0 0 1 0 2 0 2 1 0 26 17.9 31.83 52 27.64443098 70.33158813 14.78004089 11.16928447 57.57552813 18.4991274 403 64 106 573 184.7944804 15 10 22 3 5 7 17 0 0 2 3 1 1 1 2 2 9 1 1 3 4 1 1 6 17 5 9 1 2 2 9 2 2
70 LESTF01.1 TF Uncinata 2166.606951 0 0 0 1 0 1 3 0 1 0 0 0 0 0 0 0 0 0 1 0 0 1 5 0 0 0 2 0 3 2 1 0 0 23.9 13.2 53.05 52 48.49310676 81.04712042 33.29592818 14.45026178 18.21096505 4.502617801 774 138 43 955 397.4673991 42 11 21 4 9 6 11 1 1 2 3 1 2 1 1 2 6 1 1 4 7 1 1 6 13 6 11 1 1 2 6 2 3
71 LESTF1 TF Uncinata 2122.837344 0 0 0 1 0 0 0 0 0 0 1 0 0 0 0 0 0 0 1 0 0 3 3 0 0 0 2 0 6 0 0 0 0 13.5 13.1 10.61 78 77.24039829 92.17603912 22.75960171 7.82396088 0 0 754 64 0 818 418.0733588 26 7 17 2 7 5 10 0 0 2 3 1 2 1 1 2 6 0 0 1 1 1 3 5 13 3 8 1 1 2 6 1 2
72 MERTD26.1 TD Uncinata 2018.912846 0 0 0 1 0 0 1 0 1 0 0 0 0 1 0 0 0 0 2 0 0 0 5 0 0 0 1 0 4 1 2 0 2 10.1 12.6 0 53 54.22626788 90.08849558 14.4157533 4.247787611 31.35797882 5.663716814 509 24 32 565 277.7342855 42 11 21 5 8 5 11 1 2 2 2 1 1 1 1 1 5 1 1 5 6 0 0 6 15 7 13 1 1 1 5 2 2
73 MERTD27.1 TD Uncinata 1759.386481 0 0 0 2 0 0 0 0 1 0 0 0 0 3 0 0 0 0 0 0 0 1 4 0 0 0 2 0 6 2 3 1 0 16.6 14.9 21.22 63 3.81898719 11.9133574 77.40931402 76.53429603 18.77169879 11.55234657 33 212 32 277 103.6355795 27 10 25 4 12 6 13 0 0 2 4 1 2 1 2 2 5 1 1 4 7 1 1 5 17 5 15 1 2 2 5 2 3
74 MONFM44.1 FM Uncinata 1705.162735 1 0 1 1 0 0 0 0 3 0 0 0 0 0 0 0 0 0 1 0 0 4 5 0 0 0 2 0 3 0 0 1 0 46.7 16.3 95.49 67 18.92328733 44.79392625 44.01342783 37.96095445 37.06328484 17.24511931 413 350 159 922 132.2661458 2 10 22 3 7 7 15 0 0 3 4 1 2 2 2 2 9 1 3 3 5 2 5 5 12 4 6 2 2 2 9 2 5
75 MONFM87.1 FM Uncinata 1814.579296 0 0 0 1 0 0 0 0 2 0 1 0 0 0 0 0 0 0 2 0 0 3 5 0 1 0 1 0 7 0 0 0 0 43.7 16.7 137.93 85 17.33533861 45.84717608 39.7531738 34.10852713 42.91148759 20.04429679 414 308 181 903 116.6576187 6 9 23 3 10 6 13 0 0 3 3 2 2 1 1 2 8 1 2 2 3 1 3 6 17 3 10 1 1 3 9 2 3
76 MONFM88.1 FM Uncinata 1802.910692 0 0 0 1 0 0 0 0 3 0 0 0 2 0 0 0 0 0 0 0 0 2 6 0 0 0 1 0 3 0 0 0 0 36.2 16.7 53.05 66 15.01609647 37.7675841 41.15785453 40.21406728 43.826049 22.01834862 247 263 144 654 64.58327957 55 7 18 2 6 5 12 0 0 2 2 1 1 1 1 2 8 1 3 2 5 1 2 4 11 2 5 1 1 2 8 2 4
77 MONFM88.2 FM Uncinata 1778.595098 0 0 0 2 0 0 0 0 3 0 0 0 0 1 0 0 0 0 0 2 0 3 4 0 0 0 2 0 2 0 0 0 0 38.9 16.1 159.15 79 29.13735087 55.71575695 50.95849903 36.869207 19.9041501 7.415036045 541 358 72 971 236.3775229 7 8 19 3 6 5 13 0 0 2 4 1 2 1 2 2 7 1 3 2 4 1 3 5 12 3 5 1 2 2 7 2 5
78 MONTD88.3 TD Uncinata 1707.263045 0 0 0 0 0 0 0 1 0 0 0 0 0 0 0 0 0 0 2 1 0 2 5 0 0 0 2 0 3 0 1 0 0 29.7 14.7 10.61 68 13.76602984 33.2781457 67.18136613 57.94701987 19.05260403 8.774834437 201 350 53 604 148.5002806 12 8 17 2 4 6 13 0 0 1 2 1 2 0 0 2 7 1 1 0 0 1 2 7 15 4 7 0 0 2 7 2 3
79 MONTD89.1 TD Uncinata 2103.119295 0 0 1 0 0 0 0 0 0 0 0 0 0 0 0 0 0 0 0 1 2 0 4 0 1 0 2 0 5 4 1 0 0 21.1 15.7 31.83 60 27.63132941 57.60869565 67.25772805 40.39855072 5.110942537 1.992753623 318 223 11 552 157.1718804 75 9 21 2 9 7 12 0 0 3 4 2 3 1 1 1 4 0 0 1 4 1 1 7 16 5 13 1 1 2 5 1 2
80 MONTF1 TF Uncinata 1997.232301 0 0 0 1 2 3 0 0 0 2 2 1 1 0 0 0 0 0 2 0 0 0 4 0 0 0 0 0 2 4 0 0 0 13 13.5 10.61 77 24.20574887 46.20938628 49.57639939 42.23826715 26.21785174 11.55234657 128 117 32 277 52.5388745 6 11 24 4 9 4 8 3 7 1 1 0 0 1 1 1 4 1 1 6 14 0 0 5 10 8 17 1 1 1 4 1 2
81 PLAFM13.2 FM Uncinata 1704.906513 0 0 0 1 0 1 0 1 3 0 0 0 0 0 0 0 0 0 1 0 0 0 7 0 0 0 2 0 2 0 0 0 0 39 15.8 10.61 68 17.23431498 36.15279673 56.02560819 50.75034106 26.74007682 13.09686221 265 372 96 733 139.155788 20 8 18 3 6 4 11 1 1 2 3 1 2 1 1 1 7 2 4 2 4 0 0 6 14 3 4 1 1 1 7 3 6
82 PLAFM9a.1 FM Uncinata 1510.176808 0 0 0 1 0 0 0 1 3 0 0 1 0 0 0 0 0 1 0 0 0 1 4 0 0 0 4 0 5 0 0 0 0 42.8 15.7 127.32 48 37.52748259 58.57385399 57.75925247 39.6434635 4.713264932 1.782682513 690 467 21 1178 340.6381267 46 9 21 4 10 5 11 0 0 2 5 1 4 1 1 2 5 3 5 2 4 1 1 6 16 3 7 1 1 2 5 3 8
83 PLATF16c.1 TF Uncinata 1594.323673 0 0 0 0 0 0 2 0 3 0 1 1 0 4 0 0 0 0 0 0 0 0 6 0 0 0 0 0 2 1 0 1 0 13 15.1 0 62 72.47083149 92.55813953 19.56874908 6.162790698 7.960419436 1.279069767 796 53 11 860 441.5952143 67 9 21 7 14 2 7 0 0 0 0 0 0 0 0 1 6 2 4 6 12 0 0 3 9 7 12 0 0 1 6 1 3
84 PLATF16c.2 TF Uncinata 1619.903057 0 0 0 1 0 0 2 0 2 0 2 1 0 0 0 1 2 0 0 0 0 2 5 0 0 0 0 1 2 0 0 0 1 14.2 13.6 0 55 75.33739084 94.09048938 17.53109288 4.893813481 7.131516274 1.015697138 1019 53 11 1083 570.2315319 53 12 22 6 10 5 11 1 1 1 1 0 0 1 1 2 7 3 4 5 9 2 3 5 10 8 12 1 1 2 7 1 2
85 PLATF18b1 TF Uncinata 1691.624275 0 0 1 1 0 0 0 1 3 0 0 0 0 1 0 0 0 0 0 0 0 1 6 0 0 0 0 1 3 0 0 1 0 13.9 14.6 42.44 72 28.9913625 49.85250737 63.49958206 46.90265487 7.509055447 3.244837758 169 159 11 339 88.47598544 18 10 19 5 9 5 10 0 0 2 2 0 0 2 2 2 7 2 4 3 5 3 3 4 11 4 6 2 2 2 7 2 4
86 RUBBV1 BV Uncinata 2076.600098 0 0 1 1 0 0 1 1 0 0 2 0 0 0 0 0 0 0 1 0 0 3 3 0 2 0 2 0 4 0 0 2 0 47.7 13.8 244.04 57 13.25433307 42.75037369 22.05119555 27.05530643 64.69447139 30.19431988 286 181 202 669 55.56077753 54 12 23 4 8 8 15 0 0 4 6 2 4 2 2 2 6 1 1 3 5 2 4 7 14 5 10 2 2 3 8 2 3
87 RUBFM1 FM Uncinata 1886.532174 1 0 0 1 0 0 0 1 1 0 1 1 0 0 0 0 0 0 0 0 0 1 2 0 0 0 2 0 3 0 0 2 0 40.2 16.8 53.05 20 12.36895258 44 33.40867558 31.71428571 54.22237184 24.28571429 308 222 170 700 69.69457176 61 11 16 6 8 5 8 0 0 2 3 1 2 1 1 2 3 3 3 4 5 1 1 6 10 5 8 1 1 2 3 3 4
88 RUBTD1 TD Uncinata 2047.842255 1 0 0 1 0 0 0 0 1 0 0 1 0 1 0 0 0 0 1 0 0 3 6 0 0 0 0 0 5 0 0 0 0 53.8 12.7 181.44 45 10.84589154 55.38720539 8.920910791 12.45791246 80.23319767 32.15488215 329 74 191 594 127.6440363 28.6 9 20 5 9 4 11 0 0 1 1 0 0 1 1 2 9 2 2 3 3 1 3 5 14 5 9 1 1 2 9 1 1
89 RUBTD2 TD Uncinata 2072.437779 1 0 0 1 0 0 0 0 1 1 0 1 0 1 0 0 0 0 0 0 0 2 7 0 0 0 1 0 5 1 0 0 0 20 13.8 90.72 38 26.33261258 74.48630137 25.45830591 14.55479452 48.20908151 10.95890411 435 85 64 584 208.3994562 67 11 22 6 10 4 11 1 1 2 2 1 1 1 1 2 9 2 2 5 5 1 2 5 15 5 9 1 1 2 9 3 3
90 RUBTF1 TF Uncinata 1994.229665 0 0 0 0 0 1 1 0 0 0 0 0 0 3 0 0 0 0 0 0 0 2 3 0 0 0 0 0 2 0 0 0 0 13.1 9.2 0 30 76.16261626 92.65927978 15.75157516 5.817174515 8.085808581 1.523545706 669 42 11 722 371.2712396 81 6 12 3 6 2 5 1 1 0 0 0 0 0 0 2 5 0 0 3 5 1 2 2 5 4 7 0 0 2 5 0 0
91 RUBTF2 TF Uncinata 1969.443365 0 0 0 2 0 1 3 0 0 0 4 0 0 2 0 0 0 0 1 0 0 0 4 0 0 0 0 0 7 1 0 0 2 7.1 8.7 0 65 51.94805195 76.47058824 48.05194805 23.52941176 0 0 208 64 0 272 106.5332499 58 10 27 5 17 3 7 2 3 1 2 0 0 1 2 1 4 0 0 6 13 0 0 4 14 8 21 1 2 1 4 0 0
92 RUBTF3 TF Uncinata 2007.773571 0 0 0 0 0 2 2 0 1 0 1 1 0 0 0 0 0 0 1 0 0 2 3 0 0 0 0 1 4 1 0 0 2 2.9 7.2 10.61 67 61.18598383 90.85714286 38.81401617 9.142857143 0 0 159 16 0 175 87.54617829 27 12 21 7 11 3 6 2 4 0 0 0 0 0 0 2 5 2 2 6 9 2 3 4 9 9 15 0 0 2 5 1 1
93 RUBTFF2 TF Uncinata 2068.552368 0 0 0 1 0 3 3 0 0 0 0 0 0 0 0 0 0 0 0 0 0 2 5 0 0 0 0 0 3 1 0 0 0 3.1 8.9 0 53 39.68983343 69.56521739 60.31016657 30.43478261 0 0 96 42 0 138 48.12483766 61 7 18 3 7 3 8 1 3 1 1 0 0 1 1 2 7 0 0 3 7 1 2 3 9 4 10 1 1 2 7 0 0
94 RUBTFF3 TF Uncinata 2058.119546 1 0 0 0 0 1 1 0 1 0 0 0 0 1 0 0 0 0 0 0 0 2 5 0 0 0 1 0 3 0 3 0 0 14.1 8.6 21.22 57 68.60729069 93.80022962 12.29803712 3.673938002 19.09467219 2.525832377 817 32 22 871 456.1341177 96 10 19 5 7 4 11 1 1 1 1 1 1 0 0 2 7 1 1 5 5 1 2 4 12 6 10 0 0 2 7 2 2
95 SOCTD1 TD Uncinata 2113.097191 0 0 0 1 0 0 0 0 0 0 1 0 0 0 0 0 0 0 1 0 0 2 6 0 0 0 0 1 4 1 0 0 0 34.3 12.3 169.76 38 24.61521177 55.32994924 51.7806988 39.08629442 23.60408943 5.583756345 436 308 44 788 199.8933049 73 8 17 4 7 4 10 0 0 1 1 0 0 1 1 2 8 0 0 2 2 2 3 4 12 5 8 1 1 2 8 0 0
96 SOCTD2 TD Uncinata 1808.842172 0 0 0 2 2 1 0 0 0 0 0 0 0 0 0 0 0 0 1 0 0 2 5 0 0 2 0 0 4 2 3 0 0 17.8 15.2 116.71 45 35.59969442 63.30275229 39.60493288 26.83486239 24.79537269 9.862385321 276 117 43 436 119.0560092 59 10 24 2 6 6 15 2 3 2 4 1 2 1 2 2 7 0 0 3 5 1 2 6 17 6 13 1 2 2 7 1 2
97 TREFM1 FM Uncinata 2088.706504 1 0 1 1 0 0 0 0 0 0 1 0 0 0 0 0 0 0 0 0 0 2 6 0 0 0 2 0 3 0 0 0 0 56.1 15.1 74.27 60 9.714245446 30.14789534 37.60262147 42.20705347 52.68313308 27.64505119 265 371 243 879 68.43975453 37 8 17 3 5 5 12 0 0 3 4 1 2 2 2 2 8 0 0 2 2 2 3 4 12 3 5 2 2 2 8 1 2
98 TREFM2 FM Uncinata 2061.744034 0 0 1 2 0 0 2 0 0 0 1 1 0 1 0 0 0 0 2 0 0 2 3 0 1 0 1 0 4 0 0 1 0 64.6 18.3 498.68 68 17.4322981 47.24612737 35.50622044 34.25129088 47.06148146 18.50258176 549 398 215 1162 167.2552939 74 13 22 5 9 8 13 0 0 4 5 2 2 2 3 2 5 1 1 4 5 2 3 7 14 7 12 2 3 3 6 1 1
99 TRETF1 TF Uncinata 1816.413566 1 0 0 0 0 1 3 0 2 1 2 1 0 2 0 1 0 0 0 0 0 2 4 0 0 0 0 0 4 0 0 0 1 3.9 8.8 7.96 43 100 100 0 0 0 0 270 0 0 270 155.8845727 45 13 25 7 15 3 7 3 3 0 0 0 0 0 0 2 6 3 4 8 13 1 2 4 10 9 16 0 0 2 6 2 3
100 TRETF2 TF Uncinata 1917.684523 0 0 0 1 0 3 3 0 1 1 0 0 0 0 0 0 0 0 0 0 0 0 6 0 0 0 0 0 3 0 0 0 2 12.8 8.9 10.61 45 79.94854722 93.5128519 20.05145278 6.487148103 0 0 764 53 0 817 426.6196589 101 8 20 3 7 2 7 3 6 1 1 0 0 1 1 1 6 1 1 5 10 0 0 3 10 4 11 1 1 1 6 2 2
101 URUFM57.1 FM Uncinata 1614.53298 0 1 0 1 0 0 0 0 4 0 1 0 0 0 0 4 0 1 2 0 0 1 8 0 0 0 3 0 4 0 0 0 0 31.2 16.2 10.61 72 20.83620204 44.80337079 57.33241535 46.20786517 21.83138261 8.988764045 319 329 64 712 150.1943186 72 11 30 3 9 7 20 1 1 3 5 1 3 2 2 2 9 2 8 4 7 1 1 6 22 5 12 2 2 2 9 2 7
102 URUTD15.1 TD Uncinata 1869.105216 2 1 1 1 1 0 1 0 1 0 1 0 0 1 0 0 1 0 3 0 0 2 3 0 0 0 2 0 5 0 1 2 0 35.7 17.9 0 67 12.13052859 49.09090909 23.88888889 24.62809917 63.98058252 26.28099174 297 149 159 605 82.71235297 60 17 29 6 11 9 16 2 2 4 5 1 2 3 3 2 5 1 1 9 11 2 3 6 15 10 18 3 3 2 5 2 3
103 URUTD15.2 TD Uncinata 1720.641265 1 0 0 1 0 0 0 1 3 0 1 1 0 2 0 1 0 0 0 0 0 1 4 0 0 0 1 0 5 5 3 0 0 24.2 16.1 21.22 73 13.43759974 40.05376344 23.45196297 22.84946237 63.11043728 37.09677419 149 85 138 372 34.21987726 13 14 30 8 19 6 11 0 0 2 2 1 1 1 1 2 5 4 6 5 12 1 1 8 17 8 19 1 1 2 5 3 5
104 URUTD43.1 TD Uncinata 1655.096799 0 0 0 1 0 0 0 0 3 0 0 0 0 1 0 0 0 0 0 0 0 1 6 0 0 0 2 1 5 0 0 0 0 23 14.9 0 58 33.98041864 70.5963939 41.44159352 22.05270458 24.57798785 7.350901526 509 159 53 721 238.6322135 40 8 20 4 10 4 10 0 0 2 3 1 2 1 1 2 7 1 3 2 4 2 2 4 14 3 7 1 1 2 7 2 5
105 URUTD58.1 TD Uncinata 1792.424918 1 0 0 1 0 0 0 0 2 0 1 0 0 1 1 0 0 0 1 1 0 1 4 0 0 0 0 0 5 0 0 2 0 26.6 15.6 0 60 14.44713479 41.63701068 50.7300609 43.41637011 34.82280431 14.94661922 234 244 84 562 89.6288644 80 12 21 5 10 7 11 0 0 1 1 0 0 1 1 2 5 2 3 6 8 1 1 5 12 8 13 1 1 2 5 1 2
106 URUTD60.1 TD Uncinata 1583.513084 2 1 0 2 0 0 0 0 1 0 1 1 0 0 0 0 0 1 2 0 0 3 6 0 1 0 2 0 5 0 0 0 0 33 15.7 63.66 74 29.43611278 61.32858837 45.41691662 30.13048636 25.14697061 8.540925267 517 254 72 843 223.725278 28 13 28 5 10 7 17 1 1 4 6 2 3 2 3 2 9 2 2 5 6 1 3 7 19 6 12 2 3 3 10 2 3
107 URUTD65.1 TD Uncinata 1714.918779 0 0 0 0 0 0 0 0 0 0 0 0 0 0 0 1 0 0 0 0 0 0 10 0 0 0 1 2 3 0 0 1 0 13.2 14 0.3 90 53.125447 76.55310621 46.874553 23.44689379 0 0 382 117 0 499 195.7200381 47 6 18 2 5 4 13 0 0 1 1 1 1 0 0 1 10 1 1 1 1 1 2 4 15 4 7 0 0 1 10 1 1
108 URUTD67.1 TD Uncinata 1891.418751 1 0 0 1 0 0 1 0 1 0 0 1 0 0 0 0 0 0 1 0 0 1 7 0 0 0 1 0 2 4 0 1 0 10.8 12 0 63 60.11365654 81.7987152 39.88634346 18.2012848 0 0 382 85 0 467 200.5650352 9 12 22 6 10 6 12 0 0 2 2 1 1 1 1 2 8 2 2 5 8 1 1 6 13 7 11 1 1 2 8 2 2
109 URUTD67.2 TD Uncinata 1891.418751 0 1 0 1 0 0 0 0 2 0 0 0 0 0 0 0 0 0 2 2 0 2 5 0 0 0 0 0 3 0 0 0 0 15.1 11.5 0 50 70.34612964 89.18575064 29.65387036 10.81424936 0 0 701 85 0 786 382.5532643 11 8 18 2 5 5 12 1 1 2 2 0 0 2 2 2 7 1 2 2 3 1 2 5 13 3 7 2 2 2 7 1 2
110 VIRBV1 BV Uncinata 1906.579956 0 0 1 1 0 0 0 0 0 0 0 0 0 1 0 0 0 0 0 0 0 0 4 0 1 0 1 0 3 0 0 0 0 50.5 14.5 137.93 48.33 14.99038092 45.93716143 36.35629088 33.36944745 48.6533282 20.69339112 424 308 191 923 116.5003577 87.33 7 12 2 4 5 8 0 0 4 4 2 2 2 2 1 4 0 0 1 1 1 1 5 10 2 4 2 2 2 5 1 1
111 VIRFM1 FM Uncinata 2006.985687 0 0 0 2 0 0 0 0 1 0 0 0 0 0 0 0 0 0 0 0 0 0 8 0 0 0 1 0 5 0 3 0 0 44.9 16.3 148.54 10 17.3059881 47.64573991 37.00890408 30.94170404 45.68510782 21.41255605 425 276 191 892 118.449708 64 6 20 2 6 4 14 0 0 2 3 1 1 1 2 1 8 1 1 1 1 0 0 5 19 2 8 1 2 1 8 2 2
112 VIRFM2 FM Uncinata 2106.638378 0 0 0 1 0 0 0 0 0 0 0 0 0 0 0 0 0 0 0 0 0 3 3 0 0 0 1 0 5 0 0 0 0 43.7 16.4 84.88 25 17.61827833 47.2611465 35.16270482 31.08280255 47.21901685 21.65605096 371 244 170 785 101.6579231 52 5 13 1 5 4 8 0 0 2 2 1 1 1 1 2 6 0 0 0 0 1 3 4 10 1 5 1 1 2 6 1 1
113 VIRFM3 FM Uncinata 1980.037073 0 0 0 2 0 0 0 0 1 0 1 0 0 2 0 0 0 0 1 0 0 4 4 0 0 1 1 2 3 3 0 0 0 43.4 16.4 137.93 53 23.37070621 48.32826748 54.04475812 41.94528875 22.58453567 9.726443769 477 414 96 987 204.227814 72 12 25 6 12 6 13 0 0 3 4 2 2 1 2 2 8 1 1 4 7 2 6 6 12 6 12 1 2 2 8 3 3
114 VIRTF1 TF Uncinata 1864.513145 0 0 0 0 0 1 1 0 2 0 2 0 0 0 0 0 0 0 1 1 0 0 0 0 0 0 0 0 2 1 0 1 0 7.2 7.1 0 28 83.55795148 96.42857143 16.44204852 3.571428571 0 0 594 22 0 616 336.7749001 113 9 12 5 8 3 3 1 1 0 0 0 0 0 0 0 0 1 2 6 8 0 0 3 4 8 10 0 0 0 0 1 2
115 VIRTF2 TF Uncinata 1949.461112 0 0 0 1 0 3 3 0 3 0 1 0 0 1 0 0 0 0 0 0 0 0 0 0 0 0 0 0 4 0 0 0 1 4.1 8.6 0 27 88.54643898 97.59299781 11.45356102 2.407002188 0 0 446 11 0 457 254.3822583 62 8 17 5 12 1 1 2 4 1 1 0 0 1 1 0 0 1 3 6 12 0 0 2 5 6 13 1 1 0 0 1 3
116 VIRTF3 TF Uncinata 1937.762603 0 0 0 1 0 3 1 0 2 0 2 0 0 0 0 0 0 0 0 0 0 1 3 0 0 0 0 1 0 3 4 0 0 2.6 7 0 22 79.68980798 93.56725146 20.31019202 6.432748538 0 0 160 11 0 171 89.37001734 57 10 21 5 9 4 9 1 3 1 1 0 0 1 1 2 4 1 2 5 11 2 2 3 8 6 14 1 1 2 4 1 2
117 VIRTF4 TF Uncinata 1874.273617 0 0 0 1 2 2 0 0 1 0 0 0 0 1 0 0 0 0 0 0 0 1 4 0 0 0 0 0 3 0 0 0 0 6.4 8.9 0 13 91.51234568 96.95290859 8.487654321 3.047091413 0 0 350 11 0 361 198.9731975 69 8 15 3 5 3 6 2 4 1 1 0 0 1 1 2 5 1 1 4 6 1 1 3 8 4 8 1 1 2 5 1 1
118 VIRTF5 TF Uncinata 1856.132943 1 0 0 1 1 0 0 0 2 0 1 1 0 1 0 0 0 0 1 0 0 2 3 0 0 0 0 0 3 1 2 0 0 13.1 9.4 10.61 40 78.14606742 94.11764706 21.85393258 5.882352941 0 0 848 53 0 901 475.0329813 87 13 20 7 10 5 9 1 1 1 1 0 0 1 1 2 5 2 3 6 7 1 2 6 11 9 12 1 1 2 5 1 2
119 PC1 PC Sylvestris 1200 0 0 0 0 0 0 0 1 2 0 0 0 0 0 0 0 1 0 0 0 0 1 1 0 0 0 0 0 1 0 0 0 0 7.750020894 15 0 95 3.673469388 16.7539267 44.08163265 49.7382199 52.24489796 33.5078534 32 95 64 191 31.50132272 10 6 7 3 4 3 3 0 0 0 0 0 0 0 0 2 2 2 3 2 3 1 1 3 3 2 2 0 0 2 2 2 3
120 PC10 PC Sylvestris 1200 0 0 0 1 0 0 0 2 1 1 0 1 0 0 0 0 0 1 0 1 0 0 1 0 0 0 0 0 0 0 0 0 0 2.250006066 15.5 0 85 0 0 0 0 100 100 0 0 32 32 18.47520861 10 8 9 3 4 4 4 1 1 1 1 0 0 1 1 1 1 3 4 3 3 0 0 5 6 3 3 1 1 1 1 3 4
121 PC11 PC Sylvestris 1525 0 0 0 1 0 0 0 1 2 0 0 0 0 0 0 1 0 0 0 1 1 1 1 0 0 0 1 1 1 0 0 0 0 12.5000337 17 0 90 7.079646018 33.21678322 21.23893805 22.37762238 71.68141593 44.40559441 95 64 127 286 31.50132272 20 11 12 4 5 7 7 0 0 2 2 1 1 1 1 2 2 3 4 1 2 2 2 8 8 5 5 1 1 2 2 3 4
122 PC13 PC Sylvestris 1550 0 0 0 0 0 0 2 0 1 0 0 1 0 0 0 1 0 0 1 0 0 1 1 0 0 0 0 0 0 0 0 0 0 3.250008762 14 0 60 50 89.93710692 50 10.06289308 0 0 286 32 0 318 156.7035418 40 7 8 3 4 4 4 0 0 0 0 0 0 0 0 2 2 3 3 2 3 1 1 4 4 4 5 0 0 2 2 1 1
123 PC14 PC Sylvestris 1550 0 0 0 0 0 0 2 0 1 0 0 0 0 1 0 1 0 2 1 0 0 1 1 0 0 0 0 1 0 0 0 0 0 10.00002696 16 5 40 36.29032258 61.5942029 63.70967742 38.4057971 0 0 255 159 0 414 128.7905276 80 9 11 4 5 5 6 0 0 0 0 0 0 0 0 2 2 2 2 4 6 2 2 3 3 6 8 0 0 2 2 1 1
124 PC15 PC Sylvestris 1700 0 0 0 0 0 0 1 1 1 0 0 0 0 0 0 0 0 1 0 0 0 2 2 0 0 0 0 0 0 0 2 0 0 11.75003168 15 0 50 70 87.02185792 30 12.97814208 0 0 637 95 0 732 343.6466208 5 7 10 3 3 4 7 0 0 0 0 0 0 0 0 2 4 2 2 3 3 1 2 3 5 3 4 0 0 2 4 2 2
125 PC16 PC Sylvestris 1700 0 0 0 0 0 0 1 1 2 0 0 0 0 1 0 0 0 0 1 0 0 1 2 0 0 0 0 0 1 0 2 0 0 6.25001685 16 0 55 31.48148148 60.06289308 68.51851852 39.93710692 0 0 191 127 0 318 97.21625379 1 9 12 5 6 4 6 0 0 0 0 0 0 0 0 2 3 2 3 3 4 1 1 5 7 5 6 0 0 2 3 2 3
126 PC17 PC Sylvestris 1880 0 0 0 0 1 0 1 0 0 0 0 0 0 0 0 0 0 0 0 0 0 1 1 0 0 0 0 0 1 0 0 1 0 9.500025612 12 0 60 100 100 0 0 0 0 828 0 0 828 478.0460229 10 6 6 2 2 3 3 1 1 0 0 0 0 0 0 2 2 0 0 3 3 1 1 2 2 4 4 0 0 2 2 0 0
127 PC18 PC Sylvestris 1880 0 0 0 0 1 0 1 0 1 0 1 0 0 1 0 0 0 0 2 0 0 1 1 0 0 0 0 0 0 0 0 0 0 4.222200444 18 0 90 14.76793249 68.16720257 23.41772152 18.32797428 61.81434599 13.50482315 212 57 42 311 94.11871936 15 8 9 4 4 3 4 1 1 0 0 0 0 0 0 2 2 1 1 5 5 1 1 2 3 5 6 0 0 2 2 1 1
128 PC19 PC Sylvestris 1860 0 0 0 0 0 0 0 1 2 0 1 0 1 0 0 0 0 0 2 0 0 0 2 0 0 0 0 0 0 1 4 0 0 15.50004179 16 0 70 65.34954407 93.36592179 15.19756839 4.469273743 19.45288754 2.234636872 1337 64 32 1432 744.3764729 5 8 14 4 5 4 9 0 0 0 0 0 0 0 0 1 2 2 3 4 5 0 0 4 9 5 9 0 0 1 2 2 3
129 PC2 PC Sylvestris 1220 0 0 0 0 0 1 0 1 2 0 0 0 0 1 0 0 0 0 0 0 0 0 1 0 0 0 1 0 1 0 0 0 0 4.500012132 18 0 95 0 0 0 0 100 100 0 0 64 64 36.95041723 20 7 8 4 5 2 2 1 1 1 1 1 1 0 0 1 1 2 3 3 4 0 0 4 4 3 3 0 0 1 1 3 4
130 PC20 PC Sylvestris 1860 0 0 0 0 0 1 1 0 1 0 1 1 0 1 0 0 0 0 2 0 0 0 1 0 0 0 0 0 1 7 3 0 0 1.999989684 18 0 90 7.272727273 29.78723404 18.48484848 19.85815603 74.24242424 50.35460993 42 28 71 141 21.9317122 5 11 20 7 13 3 6 1 1 0 0 0 0 0 0 1 1 2 2 6 12 0 0 5 8 9 18 0 0 1 1 1 1
131 PC21 PC Sylvestris 1860 0 0 0 1 1 0 2 0 0 0 0 0 0 0 0 0 0 0 0 0 0 1 1 0 0 0 1 0 0 1 1 0 0 6.555521742 16 0 60 57.26872247 84.01486989 42.73127753 15.6133829 0 0 226 42 0 269 120.2053798 40 8 9 2 3 5 5 1 1 2 2 1 1 1 1 2 2 0 0 3 4 1 1 4 4 4 5 1 1 2 2 1 1
132 PC22 PC Sylvestris 1880 0 0 0 0 0 0 1 0 0 0 0 0 0 1 0 0 0 0 0 0 0 2 0 0 0 0 0 0 0 0 0 0 0 4.111089906 18 2.5 90 18.91891892 50.35460993 37.45173745 29.78723404 43.62934363 19.85815603 71 42 28 141 21.9317122 30 3 4 2 2 1 2 0 0 0 0 0 0 0 0 1 2 0 0 2 2 1 2 0 0 2 2 0 0 1 2 0 0
133 PC23 PC Sylvestris 1620 0 0 0 1 0 0 0 1 2 0 0 1 1 0 0 0 0 0 0 2 0 0 1 0 0 0 0 1 0 0 0 0 0 8.500022916 20 0 30 34.36123348 80.08385744 15.85903084 6.708595388 49.77973568 13.41719078 382 32 64 477 193.4976313 40 8 10 4 5 4 5 0 0 1 1 0 0 1 1 1 1 3 4 2 3 1 1 5 6 4 5 1 1 1 1 2 3
134 PC24 PC Sylvestris 1550 0 0 0 2 0 0 0 1 0 0 0 0 1 0 0 0 0 0 0 0 0 0 1 0 0 0 0 0 0 1 4 0 0 3.777758292 22 0 60 0 0 19.67213115 24.56140351 80.32786885 73.68421053 0 14 42 57 21.38535324 1 6 10 2 2 4 8 0 0 1 2 0 0 1 2 1 1 1 1 2 2 0 0 4 8 3 6 1 2 1 1 1 1
135 PC25 PC Sylvestris 1350 0 0 0 0 0 0 1 1 4 0 0 0 0 0 0 0 0 0 0 1 0 1 0 0 0 0 0 0 0 0 0 2 0 14.75003977 18 0 80 49.05063291 70.01569859 50.94936709 29.98430141 0 0 446 191 0 637 223.7640126 15 6 10 3 6 3 4 0 0 0 0 0 0 0 0 1 1 2 5 3 7 1 1 2 2 3 4 0 0 1 1 2 5
136 PC26 PC Sylvestris 1350 0 0 0 0 0 0 1 1 1 0 0 0 0 0 0 1 0 0 0 0 0 1 0 0 0 0 1 0 0 0 0 1 0 13.75003707 22 0 80 20.97457627 56.18860511 23.51694915 24.95088409 55.50847458 18.66404715 286 127 95 509 102.2953241 30 7 7 3 3 4 4 0 0 1 1 1 1 0 0 1 1 3 3 3 3 1 1 3 3 3 3 0 0 1 1 3 3
137 PC27 PC Sylvestris 1350 0 0 0 0 0 0 1 1 0 0 0 0 0 0 0 0 0 0 0 0 0 2 0 0 0 0 0 0 0 0 0 0 0 4.500012132 18 0 80 11.9205298 33.5078534 88.0794702 66.4921466 0 0 64 127 0 191 63.50065616 20 3 4 2 2 1 2 0 0 0 0 0 0 0 0 1 2 1 1 1 1 1 2 1 1 1 1 0 0 1 2 1 1
138 PC28 PC Sylvestris 1350 0 0 0 0 0 0 1 3 2 0 0 0 0 0 0 1 0 1 0 1 0 1 0 0 0 0 1 0 0 0 0 1 0 1.999989684 16 5 50 20.48997773 44.31372549 54.34298441 44.31372549 25.16703786 10.98039216 113 113 28 255 49.07477288 60 9 12 3 6 6 6 0 0 1 1 1 1 0 0 1 1 3 6 4 5 1 1 4 6 5 5 0 0 1 1 3 6
139 PC29 PC Sylvestris 1350 0 0 0 0 0 0 1 2 0 0 0 1 1 0 0 1 0 0 0 0 0 0 1 0 0 0 0 0 0 0 0 0 0 10.75002898 16 0 90 36.996337 62.47544204 63.003663 37.52455796 0 0 318 191 0 509 160.0697765 60 6 7 3 4 3 3 0 0 0 0 0 0 0 0 1 1 3 4 2 2 0 0 4 5 4 4 0 0 1 1 1 2
140 PC3 PC Sylvestris 1160 0 0 0 0 0 1 0 1 0 0 0 0 0 1 0 0 1 0 0 0 0 1 1 0 0 0 1 0 0 0 0 0 1 5.500014828 17 0 100 14.18439716 40.25157233 51.06382979 40.25157233 34.75177305 20.12578616 64 64 32 159 18.47520861 10 8 8 2 2 4 4 2 2 1 1 1 1 0 0 2 2 1 1 4 4 1 1 3 3 4 4 0 0 2 2 2 2
141 PC30 PC Sylvestris 1350 0 0 0 0 0 0 2 2 1 0 0 0 0 0 0 1 0 0 0 0 0 0 1 0 0 0 0 0 0 0 0 0 0 15.50004179 16 0 90 70.78313253 87.02185792 29.21686747 12.97814208 0 0 637 95 0 732 343.6466208 70 5 7 3 5 2 2 0 0 0 0 0 0 0 0 1 1 3 4 2 3 0 0 3 4 2 3 0 0 1 1 2 3
142 PC31 PC Sylvestris 1350 0 0 0 0 0 0 1 1 0 0 0 1 0 0 0 3 0 1 0 0 0 2 1 0 0 0 0 0 0 0 0 1 0 6.500017524 20 0 95 11.29943503 33.5078534 61.01694915 49.7382199 27.68361582 16.7539267 64 95 32 191 31.50132272 65 8 11 3 3 5 8 0 0 0 0 0 0 0 0 2 3 3 5 3 3 1 2 4 6 5 7 0 0 2 3 1 1
143 PC32 PC Sylvestris 1350 0 0 0 0 0 0 0 1 0 0 0 1 0 0 0 2 0 0 0 0 0 0 1 0 0 0 1 0 0 0 0 1 0 9.250024938 16 0 95 12.7753304 42.60089686 15.85903084 14.34977578 71.36563877 42.60089686 95 32 95 223 36.37306696 60 6 7 2 2 4 5 0 0 1 1 1 1 0 0 1 1 3 4 1 1 0 0 5 6 3 4 0 0 1 1 2 2
144 PC33 PC Sylvestris 1350 0 0 0 0 0 0 2 2 1 0 0 0 0 0 0 2 0 0 0 0 1 1 0 0 0 0 0 0 0 0 0 1 0 4.111089906 16 0 95 38.38383838 67.05882353 61.61616162 32.94117647 0 0 57 28 0 85 28.50146195 70 7 10 3 5 4 5 0 0 0 0 0 0 0 0 1 1 3 5 3 4 1 1 3 5 4 6 0 0 1 1 2 3
145 PC34 PC Sylvestris 1350 0 0 0 0 0 0 1 0 2 0 0 1 0 0 0 1 0 0 0 0 0 0 1 0 0 0 0 0 0 0 0 0 0 8.250022242 10 0 95 59.23913043 80.08385744 40.76086957 19.91614256 0 0 382 95 0 477 198.8793604 70 5 6 3 4 2 2 0 0 0 0 0 0 0 0 1 1 3 4 2 3 0 0 3 3 3 3 0 0 1 1 1 2
146 PC35 PC Sylvestris 1550 0 0 0 0 0 1 1 1 0 0 0 0 0 0 0 0 0 0 1 0 0 1 1 0 0 0 0 0 1 0 0 0 0 3.666647754 13 0 70 11.86440678 33.33333333 56.99152542 49.80392157 31.1440678 16.47058824 85 127 42 255 42.50098038 20 7 7 3 3 3 3 1 1 0 0 0 0 0 0 2 2 1 1 2 2 1 1 4 4 4 4 0 0 2 2 1 1
147 PC37 PC Sylvestris 1550 0 0 0 0 0 1 2 0 2 0 0 0 0 1 0 1 0 0 1 0 0 1 1 0 0 0 0 0 0 0 0 0 1 7.999958736 14 0 30 18.88888889 60.28368794 53.88888889 29.78723404 27.22222222 9.929078014 85 42 14 141 35.76310948 50 9 11 3 5 4 4 2 2 0 0 0 0 0 0 2 2 2 3 5 7 1 1 3 3 6 7 0 0 2 2 1 2
148 PC38 PC Sylvestris 1600 0 1 0 0 0 1 1 0 2 0 0 0 0 0 0 0 0 0 2 0 0 1 0 0 0 0 0 0 0 0 2 0 0 7.250019546 12 7.5 95 0 0 77.52293578 83.2460733 22.47706422 16.7539267 0 159 32 191 84.09716602 30 7 10 2 3 3 5 2 2 1 1 0 0 1 1 1 1 1 2 4 5 1 1 2 4 4 6 1 1 1 1 1 2
149 PC39 PC Sylvestris 1600 0 1 0 0 0 1 0 1 0 0 0 0 0 0 1 0 0 0 1 0 0 1 0 0 1 0 1 0 1 0 1 0 0 10.75002898 13 0 95 6.382978723 39.93710692 29.48328267 29.87421384 64.1337386 29.87421384 127 95 95 318 18.47520861 45 10 10 2 2 6 6 2 2 3 3 2 2 1 1 1 1 2 2 3 3 1 1 6 6 5 5 1 1 2 2 2 2
150 PC4 PC Sylvestris 1150 0 0 0 0 0 1 0 1 0 0 0 0 0 0 0 0 1 0 0 0 0 1 2 0 0 0 0 0 0 0 0 0 0 5.250014154 13 0 95 0 0 60.48387097 74.80314961 39.51612903 25.19685039 0 95 32 127 48.33563213 10 5 6 1 1 3 4 1 1 0 0 0 0 0 0 2 3 1 1 2 2 1 1 2 3 2 2 0 0 2 3 1 1
151 PC40 PC Sylvestris 1600 0 1 1 1 0 1 1 0 0 0 0 1 0 1 0 0 0 0 0 0 0 1 1 0 0 0 0 0 1 0 0 0 0 3.250008762 13 9.090909091 80 5.63002681 56.95067265 0 0 94.36997319 42.60089686 127 0 95 223 66.05300902 75 10 10 4 4 4 4 2 2 3 3 0 0 3 3 2 2 1 1 4 4 2 2 4 4 5 5 3 3 2 2 0 0
152 PC41 PC Sylvestris 1600 0 1 1 0 0 1 1 0 2 0 0 0 0 1 0 0 0 1 0 0 1 1 1 0 0 0 0 0 0 0 0 1 0 6.25001685 12 2.777777778 80 9.289617486 49.7382199 19.67213115 16.7539267 71.03825137 33.5078534 95 32 64 191 31.50132272 90 11 12 3 4 6 6 2 2 2 2 0 0 2 2 2 2 1 2 7 8 2 2 2 2 6 6 2 2 2 2 1 2
153 PC42 PC Sylvestris 1660 0 0 0 0 0 0 2 0 1 0 0 1 0 1 1 0 0 0 0 1 0 1 0 0 0 0 0 0 2 0 0 0 1 8.250022242 12 0 80 11.95652174 43.52941176 31.95652174 31.37254902 56.08695652 25.09803922 111 80 64 255 23.89560629 70 9 11 5 7 3 3 1 1 0 0 0 0 0 0 1 1 3 3 5 6 1 1 3 4 7 9 0 0 1 1 1 1
154 PC43 PC Sylvestris 1650 0 0 0 0 0 1 1 0 1 0 0 1 0 0 0 0 1 0 0 0 0 1 0 0 0 0 0 0 2 0 0 0 1 6.750018198 12 0 90 6.073446328 28.69955157 22.31638418 35.87443946 71.61016949 35.87443946 64 80 80 223 9.237604307 45 8 9 4 5 2 2 2 2 0 0 0 0 0 0 1 1 2 2 5 5 1 1 2 3 6 7 0 0 1 1 1 1
155 PC44 PC Sylvestris 1600 0 0 0 1 0 1 0 1 0 0 0 0 0 0 0 0 0 0 1 0 0 0 1 0 1 0 1 0 1 0 1 0 0 6.000016176 11 7.5 70 3.19284802 31.37254902 15.58109834 25.09803922 81.22605364 43.52941176 80 64 111 255 23.89560629 20 9 9 2 2 6 6 1 1 3 3 2 2 1 1 1 1 1 1 1 1 0 0 8 8 4 4 1 1 2 2 2 2
156 PC45 PC Sylvestris 1600 0 0 0 0 0 1 0 0 1 0 0 0 0 0 0 0 0 0 0 0 0 1 1 0 0 0 0 0 1 0 1 0 1 7.375019883 9 0 95 39.25233645 77.42857143 30.21806854 13.71428571 30.52959502 9.142857143 271 48 32 350 133.6076345 60 7 7 2 2 3 3 2 2 0 0 0 0 0 0 2 2 1 1 3 3 1 1 3 3 4 4 0 0 2 2 1 1
157 PC46 PC Sylvestris 1600 0 0 0 1 1 1 0 0 0 0 0 0 0 1 1 0 0 0 0 1 0 0 1 0 0 0 0 0 1 0 1 0 1 11.25003033 12 2.5 95 2.816901408 14.34977578 19.09233177 28.69955157 78.09076682 56.95067265 32 64 127 223 48.33563213 55 10 10 2 2 5 5 3 3 1 1 0 0 1 1 1 1 1 1 5 5 0 0 5 5 8 8 1 1 1 1 0 0
158 PC47 PC Sylvestris 1600 0 0 0 0 1 1 2 0 1 0 0 0 0 0 1 0 0 0 0 0 0 0 1 0 0 0 1 0 1 0 0 1 1 11.87503202 11 2.5 95 7.8125 31.71428571 44.21875 45.42857143 47.96875 22.85714286 111 159 80 350 39.80368492 55 10 11 3 4 4 4 3 3 1 1 1 1 0 0 1 1 2 2 7 8 0 0 3 3 7 8 0 0 1 1 2 2
159 PC48 PC Sylvestris 1600 0 0 0 0 0 0 0 0 0 0 0 1 0 1 1 0 0 0 2 0 0 0 1 0 0 0 0 0 2 0 0 0 0 7.125019209 13 11.76470588 95 8.831908832 52.64900662 8.689458689 10.59602649 82.47863248 36.75496689 159 32 111 302 64.12747721 60 6 8 3 4 3 4 0 0 0 0 0 0 0 0 1 1 2 2 2 2 0 0 4 6 5 7 0 0 1 1 0 0
160 PC49 PC Sylvestris 1600 0 0 0 0 0 0 1 0 0 0 0 0 0 1 1 0 1 0 0 0 0 0 2 0 0 0 0 0 2 0 0 0 1 2.250006066 10 0 95 1.395348837 12.5984252 9.457364341 25.19685039 89.14728682 62.99212598 16 32 80 127 33.30665599 30 7 9 3 4 3 4 1 1 0 0 0 0 0 0 1 2 1 1 5 5 0 0 2 4 6 7 0 0 1 2 0 0
161 PC5 PC Sylvestris 1150 0 0 0 0 0 0 0 1 0 1 0 0 0 0 0 0 0 0 0 0 0 0 1 0 0 0 0 0 0 0 0 0 0 1.500004044 12 0 80 34.21052632 67.36842105 65.78947368 33.68421053 0 0 64 32 0 95 32 10 3 3 1 1 1 1 1 1 0 0 0 0 0 0 1 1 1 1 1 1 0 0 2 2 0 0 0 0 1 1 2 2
162 PC50 PC Sylvestris 1600 0 0 0 0 0 0 1 0 1 0 0 0 0 1 0 0 0 0 0 0 0 1 1 0 0 0 0 0 1 1 0 1 0 3.375009099 11 7.5 95 13.15789474 62.99212598 15.78947368 12.5984252 71.05263158 25.19685039 80 16 32 127 33.30665599 40 8 8 5 5 3 3 0 0 0 0 0 0 0 0 2 2 1 1 5 5 1 1 2 2 5 5 0 0 2 2 1 1
163 PC51 PC Sylvestris 1525 0 0 0 1 0 0 0 1 2 0 0 0 0 0 0 1 0 0 0 1 1 1 1 0 0 0 1 0 1 0 0 0 0 12.5000337 17 0 90 7.079646018 33.21678322 21.23893805 22.37762238 71.68141593 44.40559441 95 64 127 286 31.50132272 20 10 11 3 4 7 7 0 0 2 2 1 1 1 1 2 2 3 4 1 2 1 1 8 8 4 4 1 1 2 2 3 4
164 PC52 PC Sylvestris 1350 0 0 0 0 0 0 1 1 0 0 0 1 0 0 0 3 0 1 0 0 0 2 1 0 0 0 0 0 0 0 0 0 0 6.500017524 20 0 95 11.29943503 33.5078534 61.01694915 49.7382199 27.68361582 16.7539267 64 95 32 191 31.50132272 65 7 10 3 3 4 7 0 0 0 0 0 0 0 0 2 3 3 5 2 2 1 2 4 6 4 6 0 0 2 3 1 1
165 PC53 PC Sylvestris 1350 0 0 0 0 0 0 0 1 0 0 0 1 0 0 0 2 0 0 0 0 0 0 1 0 0 0 1 0 0 0 0 0 0 9.250024938 16 0 95 12.7753304 42.60089686 15.85903084 14.34977578 71.36563877 42.60089686 95 32 95 223 36.37306696 60 5 6 2 2 3 4 0 0 1 1 1 1 0 0 1 1 3 4 0 0 0 0 5 6 2 3 0 0 1 1 2 2
166 PC54 PC Sylvestris 1350 0 0 0 0 0 0 2 2 1 0 0 0 0 0 0 2 0 0 0 0 1 1 0 0 0 0 0 0 0 0 0 1 0 4.111089906 16 0 95 38.38383838 67.05882353 61.61616162 32.94117647 0 0 57 28 0 85 28.50146195 70 7 10 3 5 4 5 0 0 0 0 0 0 0 0 1 1 3 5 3 4 1 1 3 5 4 6 0 0 1 1 2 3
167 PC55 PC Sylvestris 1350 0 0 0 0 0 0 1 0 2 0 0 1 0 0 0 1 0 0 0 0 0 0 1 0 0 0 0 0 0 0 0 0 0 8.250022242 10 0 95 59.23913043 80.08385744 40.76086957 19.91614256 0 0 382 95 0 477 198.8793604 70 5 6 3 4 2 2 0 0 0 0 0 0 0 0 1 1 3 4 2 3 0 0 3 3 3 3 0 0 1 1 1 2
168 PC6 PC Sylvestris 1125 0 0 0 0 0 1 0 0 1 0 0 0 0 0 0 0 0 0 0 1 0 0 3 0 0 0 0 1 1 0 0 0 0 2.250006066 16 0 90 6.153846154 33.68421053 93.84615385 67.36842105 0 0 32 64 0 95 32 10 6 8 3 3 2 4 1 1 0 0 0 0 0 0 1 3 1 1 2 2 1 1 3 5 4 4 0 0 1 3 1 1
169 PC7 PC Sylvestris 1170 0 0 0 0 0 0 0 1 2 0 0 1 0 0 0 0 0 0 0 1 0 1 0 0 0 0 1 0 0 0 0 0 0 6.750018198 18 0 95 0 0 0 0 100 100 0 0 95 95 54.84827557 10 6 7 3 4 3 3 0 0 1 1 1 1 0 0 1 1 3 4 1 2 1 1 4 4 2 2 0 0 1 1 3 4
170 PC8 PC Sylvestris 1250 0 0 0 0 0 1 0 1 0 0 0 0 0 0 0 0 0 0 0 1 0 1 2 0 0 0 0 0 1 0 0 0 0 6.500017524 16 0 100 0 0 38.91891892 50.39370079 61.08108108 50.39370079 0 64 64 127 36.95041723 10 6 7 2 2 3 4 1 1 0 0 0 0 0 0 2 3 1 1 1 1 1 1 4 5 3 3 0 0 2 3 1 1
171 PC9 PC Sylvestris 1230 0 0 0 0 0 1 0 1 0 0 0 0 0 0 0 0 0 0 0 0 0 1 2 0 0 0 0 0 1 0 0 0 0 6.500017524 16 0 95 0 0 38.91891892 50.39370079 61.08108108 50.39370079 0 64 64 127 36.95041723 20 5 6 2 2 2 3 1 1 0 0 0 0 0 0 2 3 1 1 1 1 1 1 3 4 2 2 0 0 2 3 1 1
172 PD1 PD Sylvestris 1650 0 0 0 2 0 0 0 2 1 0 0 0 0 2 0 0 0 1 0 0 0 1 3 0 1 0 0 1 5 0 2 0 0 24.50006605 15 20 50 47.1042471 67.96482412 31.08108108 23.99497487 21.81467181 8.040201005 541 191 64 796 247.0350852 15 11 21 5 11 6 10 0 0 2 3 1 1 1 2 2 4 2 3 3 4 2 2 6 15 5 11 1 2 3 5 2 3
173 PD10 PD Sylvestris 1550 0 0 0 1 0 0 0 0 2 0 0 0 1 0 0 0 0 0 2 1 0 0 2 0 2 0 2 1 2 0 1 0 0 33.25008964 22 63.662 90 27.36077482 48.32826748 47.33656174 41.94528875 25.30266344 9.625126646 477 414 95 987 204.7982747 0 11 17 3 5 8 12 0 0 3 5 2 4 1 1 1 2 1 2 2 3 1 1 8 13 6 8 1 1 2 4 2 4
174 PD11 PD Sylvestris 1260 0 0 1 1 0 0 0 1 3 0 0 1 0 0 0 2 0 1 0 0 0 1 3 0 1 0 2 1 2 0 0 1 0 35.75009638 20 20 80 3.948772679 19.97487437 28.70864461 35.92964824 67.34258271 43.96984925 159 286 350 796 97.21625379 30 14 21 5 8 9 13 0 0 4 5 2 3 2 2 2 4 4 7 3 5 3 3 8 13 6 8 2 2 3 5 3 6
175 PD12 PD Sylvestris 1260 0 0 1 1 0 0 0 2 3 0 0 1 0 0 0 2 0 0 1 1 0 1 2 0 1 0 1 0 1 0 0 1 0 43.50011728 17 95.493 80 3.395061728 25.83586626 15.20061728 22.59371834 81.40432099 51.5704154 255 223 509 987 156.7035418 40 14 19 4 7 10 12 0 0 4 4 2 2 2 2 2 3 4 8 2 4 2 2 10 13 6 7 2 2 3 4 3 6
176 PD13 PD Sylvestris 1150 0 0 1 1 0 0 0 1 3 0 0 1 0 0 0 1 0 1 1 0 0 1 1 0 1 0 1 0 1 0 0 1 0 32.50008762 22 40 70 4.459203036 29.68568102 25.23719165 29.68568102 70.30360531 40.74505239 255 255 350 859 54.84827557 30 14 16 4 6 10 10 0 0 4 4 2 2 2 2 2 2 4 6 3 5 2 2 9 9 6 6 2 2 3 3 3 5
177 PD14 PD Sylvestris 1150 0 0 1 1 0 0 0 2 2 0 0 1 0 0 0 2 0 2 0 0 0 1 1 1 1 0 0 0 0 0 0 1 0 25.0000674 20 40 80 10.65675341 34.83606557 30.2354399 34.83606557 59.10780669 30.46448087 255 255 223 732 18.47520861 60 12 16 3 5 9 11 0 0 3 3 1 1 2 2 3 3 4 7 3 5 2 2 7 9 4 6 2 2 4 4 2 4
178 PD2 PD Sylvestris 1650 0 0 0 1 0 0 0 1 3 0 0 0 0 0 0 3 0 0 1 0 1 2 2 0 1 0 1 2 1 0 0 0 0 11.1110538 16 10 40 23.15010571 50 47.78012685 37.45583039 29.06976744 12.54416961 283 212 71 566 107.9089122 30 12 19 4 7 8 12 0 0 3 3 2 2 1 1 2 4 3 7 1 3 2 4 9 12 5 8 1 1 3 5 3 5
179 PD20 PD Sylvestris 1240 0 0 1 1 0 0 0 3 2 0 0 0 0 0 0 1 0 0 0 0 0 1 4 0 1 0 2 1 0 0 0 0 0 25.25006807 15 20 90 9.6069869 21.72131148 68.99563319 65.16393443 21.39737991 12.97814208 159 477 95 732 204.5906482 50 10 17 3 6 7 11 0 0 4 5 2 3 2 2 2 5 3 6 1 2 3 3 6 12 2 2 2 2 3 6 3 7
180 PD21 PD Sylvestris 1240 0 0 1 1 0 0 0 1 3 0 0 0 0 0 0 1 0 0 1 1 0 1 1 0 1 0 2 1 1 0 0 0 0 33.50009032 17 31.831 90 14.86988848 29.94764398 60.84262701 56.64921466 24.28748451 13.29842932 286 541 127 955 208.8468338 20 13 16 4 6 9 10 0 0 4 5 2 3 2 2 2 2 3 5 1 3 3 3 9 10 5 5 2 2 3 3 3 6
181 PD22 PD Sylvestris 1200 0 0 1 1 0 0 0 1 3 0 0 1 0 1 0 1 0 0 0 2 0 2 2 0 0 0 1 0 2 0 0 1 0 40.75010986 18 31.831 80 1.485608171 3.725261932 47.07520891 55.52968568 51.43918292 40.74505239 32 477 350 859 229.2298701 40 13 19 5 8 8 11 0 0 3 3 1 1 2 2 2 4 4 6 3 5 2 3 8 11 6 8 2 2 2 4 3 5
182 PD23 PD Sylvestris 1200 0 0 1 1 0 0 0 2 3 0 0 0 1 0 0 1 0 1 0 0 1 2 2 0 0 0 1 1 0 0 0 1 0 50.75013682 20 31.831 60 10.57268722 31.72413793 38.25256975 39.00383142 51.17474302 29.27203065 414 509 382 1305 66.05300902 90 13 18 3 6 10 12 0 0 3 3 1 1 2 2 2 4 3 6 4 6 3 4 6 8 6 6 2 2 2 4 3 6
183 PD24 PD Sylvestris 1380 0 1 1 1 0 0 0 2 2 0 0 1 0 0 0 2 0 0 1 2 0 1 1 0 0 0 1 0 2 0 0 0 0 28.75007751 20 20 50 0.98400984 10.5785124 31.36531365 42.14876033 67.65067651 47.27272727 64 255 286 605 120.2261757 55 13 18 4 7 8 10 1 1 4 4 1 1 3 3 2 2 4 7 2 3 2 2 9 13 5 8 3 3 2 2 3 5
184 PD25 PD Sylvestris 1380 0 1 1 1 0 0 0 2 3 0 0 1 0 1 0 2 0 1 1 0 0 0 1 0 0 0 1 0 1 0 0 0 0 25.25006807 18 10 60 8.849557522 33.38323353 33.92330383 33.38323353 57.22713864 33.38323353 223 223 223 668 0 60 13 17 5 8 7 8 1 1 4 4 1 1 3 3 1 1 4 8 4 6 1 1 8 10 6 7 3 3 1 1 3 6
185 PD26 PD Sylvestris 1380 0 1 1 1 0 0 0 2 1 0 0 0 1 0 0 2 0 0 1 0 0 0 3 0 0 0 2 0 1 0 0 1 0 25.50006875 20 30 30 7.227138643 26.28099174 35.54572271 36.85950413 57.22713864 36.85950413 159 223 223 605 36.95041723 50 12 17 3 4 8 12 1 1 4 5 1 2 3 3 1 3 3 5 4 4 1 1 7 12 5 6 3 3 1 3 3 5
186 PD27 PD Sylvestris 1380 0 1 1 2 0 0 0 1 3 0 0 0 1 0 0 2 0 1 0 2 0 2 1 0 0 0 0 0 0 0 0 1 0 28.00007549 20 20 30 0.741427247 10.5785124 15.6626506 26.28099174 83.59592215 63.14049587 64 159 382 605 163.2370464 70 12 18 2 4 9 13 1 1 3 4 0 0 3 4 2 3 3 6 5 7 2 3 5 8 5 7 3 4 2 3 2 4
187 PD28 PD Sylvestris 1380 0 1 1 1 0 0 0 1 2 0 0 0 0 1 0 1 0 2 0 1 0 1 1 0 0 0 1 0 1 0 0 1 0 25.25006807 20 20 55 21.19503946 59.37193327 22.2096956 21.8842002 56.59526494 18.74386654 605 223 191 1019 230.3417751 40 14 16 4 5 9 10 1 1 4 4 1 1 3 3 2 2 3 4 5 7 2 2 7 7 6 7 3 3 2 2 3 4
188 PD29 PD Sylvestris 1350 0 0 0 0 0 0 0 0 2 0 0 0 0 0 0 0 0 0 0 0 0 1 2 0 0 0 2 1 0 0 0 1 0 31.7500856 24 31.831 20 16.3190184 35.46099291 65.64417178 54.81256332 18.03680982 9.625126646 350 541 95 987 223.7640126 60 6 9 2 3 4 6 0 0 1 2 1 2 0 0 2 3 1 2 2 3 2 2 2 4 2 2 0 0 2 3 2 4
189 PD3 PD Sylvestris 1500 0 0 0 0 0 0 0 1 2 0 0 0 0 0 0 2 0 0 1 2 0 1 2 0 0 0 0 0 1 0 0 0 0 14.11103833 13.5 10 60 61.19402985 81.59851301 38.80597015 18.40148699 0 0 439 99 0 538 230.2614456 30 8 12 3 4 5 8 0 0 0 0 0 0 0 0 2 3 3 5 1 2 1 1 6 9 4 6 0 0 2 3 2 3
190 PD30 PD Sylvestris 1350 0 0 0 0 0 0 0 1 3 0 0 0 0 0 0 0 0 0 0 0 0 1 2 0 0 0 2 0 1 0 0 0 0 30.00008088 23 0 1 18.78306878 40 59.78835979 49.94764398 21.42857143 9.947643979 382 477 95 955 198.8793604 90 6 10 3 5 3 5 0 0 1 2 1 2 0 0 2 3 2 4 1 3 1 1 4 6 1 1 0 0 2 3 3 6
191 PD31 PD Sylvestris 1350 0 0 0 0 0 0 0 1 2 0 0 1 0 0 0 1 0 0 2 1 0 1 0 0 0 0 1 0 1 0 0 0 0 26.75007212 24 95.493 20 2.346805737 9.142857143 61.79921773 68.14285714 35.85397653 22.71428571 64 477 159 700 216.3014871 30 9 11 4 5 5 6 0 0 1 1 1 1 0 0 1 1 4 5 1 2 1 1 7 8 5 6 0 0 1 1 3 4
192 PD32 PD Sylvestris 1350 0 0 0 0 0 0 0 1 2 0 0 1 0 0 0 1 0 0 1 1 0 0 4 0 0 0 1 0 1 0 0 0 0 37.5001011 20 0 30 26.01536773 57.14285714 36.5532382 28.57142857 37.43139407 14.28571429 764 382 191 1337 291.7573192 50 9 13 4 5 5 8 0 0 1 1 1 1 0 0 1 4 4 5 1 2 0 0 8 11 5 5 0 0 1 4 3 4
193 PD33 PD Sylvestris 1080 0 0 1 1 0 0 0 1 2 0 0 0 1 0 0 0 0 0 1 0 0 0 2 0 0 0 0 0 1 0 0 0 0 24.50006605 16 20 80 28.30188679 57.12682379 52.31560892 35.69023569 19.38250429 7.182940516 509 318 64 891 223.2420211 30 8 10 3 4 5 6 0 0 2 2 0 0 2 2 1 2 2 3 2 3 1 1 5 6 3 3 2 2 1 2 2 3
194 PD34 PD Sylvestris 1080 0 0 1 1 0 0 0 1 2 0 0 0 0 0 0 0 0 0 0 0 0 1 2 0 0 0 0 1 2 0 0 0 0 28.75007751 14 15.9155 90 27.81740371 55.91497227 49.07275321 35.30499076 23.10984308 8.780036969 605 382 95 1082 255.668405 20 8 11 4 6 4 5 0 0 2 2 0 0 2 2 2 3 2 3 1 2 3 3 4 6 2 3 2 2 2 3 2 3
195 PD4 PD Sylvestris 1500 0 0 1 2 0 0 0 0 3 0 0 0 0 0 0 0 0 0 1 1 0 1 4 0 0 0 1 1 2 0 0 0 0 28.00007549 18 20 45 36.14285714 72.2513089 17.85714286 13.87434555 46 13.87434555 828 159 159 1146 386.2473301 10 10 17 3 6 7 11 0 0 3 4 1 1 2 3 2 5 1 3 1 3 3 3 6 11 4 5 2 3 2 5 2 4
196 PD42 PD Sylvestris 1250 0 0 0 0 0 0 0 1 2 0 0 1 0 0 0 2 0 1 0 2 0 1 1 0 0 0 1 1 1 0 0 0 0 32.50008762 18 0 80 43.70677732 71.98492462 49.51590595 26.00502513 6.777316736 2.010050251 1146 414 32 1592 566.08951 30 11 14 5 6 6 8 0 0 1 1 1 1 0 0 2 2 4 6 2 3 2 2 7 9 6 8 0 0 2 2 3 4
197 PD43 PD Sylvestris 1250 0 0 0 0 0 0 0 1 3 0 0 0 1 0 0 0 0 2 0 1 0 0 1 0 0 0 0 0 0 0 0 0 0 33.50009032 16 0 80 28.98368883 47.3553719 71.01631117 52.6446281 0 0 573 637 0 1210 350.7596518 40 6 9 2 4 4 5 0 0 0 0 0 0 0 0 1 1 2 4 3 6 0 0 3 3 3 4 0 0 1 1 2 4
198 PD44 PD Sylvestris 1250 0 0 0 0 0 0 0 1 2 0 0 1 0 0 0 1 0 1 0 0 0 0 2 0 0 0 0 0 1 0 0 0 0 37.5001011 12 0 90 51.05590062 77.80548628 48.94409938 22.24438903 0 0 1560 446 0 2005 803.4832502 25 7 9 4 5 3 4 0 0 0 0 0 0 0 0 1 2 4 5 2 3 0 0 5 6 4 4 0 0 1 2 2 3
199 PD45 PD Sylvestris 1150 1 0 1 1 0 0 0 0 1 0 0 2 0 0 0 0 2 0 0 1 0 1 1 0 1 0 1 0 2 0 0 0 0 33.75009099 22 31.831 90 20.6088993 44.08502773 52.92740047 44.08502773 26.46370023 11.73752311 477 477 127 1082 202.0725942 30 12 15 4 6 8 9 0 0 4 4 2 2 2 2 2 2 2 3 3 4 2 2 7 9 5 8 2 2 3 3 2 2
200 PD46 PD Sylvestris 1150 0 0 1 1 0 0 0 0 1 0 0 1 0 0 0 1 1 0 0 1 0 1 1 1 1 0 1 0 1 0 0 0 0 24.0000647 18 20 90 18.98527005 47.98994975 44.02618658 35.92964824 36.98854337 15.95477387 382 286 127 796 128.7905276 30 13 13 3 3 10 10 0 0 4 4 2 2 2 2 3 3 3 3 2 2 2 2 9 9 5 5 2 2 4 4 2 2
201 PD47 PD Sylvestris 1150 0 0 1 1 0 0 0 0 2 0 0 0 0 0 0 1 1 0 0 1 0 0 2 1 1 0 1 0 1 0 0 0 0 24.0000647 18 10 90 15.18987342 43.44262295 38.60759494 34.83606557 46.20253165 21.72131148 318 255 159 732 80.06872048 45 11 13 2 3 9 10 0 0 4 4 2 2 2 2 2 3 2 3 2 3 1 1 8 9 4 4 2 2 3 4 2 3
202 PD48 PD Sylvestris 1750 0 0 0 1 0 0 0 0 2 0 0 1 0 0 0 0 0 0 1 0 0 1 2 0 0 0 2 0 1 0 0 1 0 30.25008155 20 31.831 60 17.9389313 43.76840039 57.12468193 43.76840039 24.93638677 12.46319921 446 446 127 1019 184.1747359 5 9 12 3 4 6 8 0 0 2 3 1 2 1 1 2 3 2 3 2 3 1 1 6 8 4 4 1 1 2 3 2 4
203 PD49 PD Sylvestris 1750 0 0 0 1 0 0 0 1 2 0 0 0 0 0 0 0 0 0 1 0 0 1 2 0 0 0 1 0 1 0 0 0 0 31.7500856 22 31.831 70 13.79310345 25.02805836 66.25615764 64.30976431 19.95073892 10.66217733 223 573 95 891 247.4429227 5 8 10 3 4 5 6 0 0 2 2 1 1 1 1 2 3 2 3 1 2 1 1 6 7 2 2 1 1 2 3 3 4
204 PD5 PD Sylvestris 1660 0 0 0 1 0 0 0 0 3 0 0 0 0 1 0 0 0 0 1 0 0 1 3 0 1 0 1 1 2 0 2 0 0 21.50005796 16 0 50 36.59043659 69.20289855 32.84823285 19.20289855 30.56133056 11.47342995 573 159 95 828 259.4789651 5 11 17 4 7 7 10 0 0 3 3 2 2 1 1 2 4 1 3 2 4 2 2 7 11 5 7 1 1 3 5 2 4
205 PD50 PD Sylvestris 1750 0 0 0 2 0 0 0 1 2 0 0 0 0 0 0 0 0 0 0 0 0 0 2 0 0 0 1 0 1 0 0 0 0 26.75007212 19 0 90 28.2208589 50.05611672 54.44785276 42.87317621 17.33128834 7.182940516 446 382 64 891 204.5906482 5 6 9 3 4 3 5 0 0 2 3 1 1 1 2 1 2 2 3 1 2 0 0 5 7 1 1 1 2 1 2 3 4
206 PD51 PD Sylvestris 1750 0 0 0 1 0 0 0 1 3 0 0 0 0 0 0 0 0 0 1 0 0 1 2 0 0 0 0 0 2 0 0 0 0 35.00009436 16 31.831 70 36.01789709 62.5 54.92170022 35.40575916 9.060402685 2.094240838 955 541 32 1528 462.3141068 3 7 11 3 6 4 5 0 0 1 1 0 0 1 1 2 3 2 4 1 3 1 1 5 7 2 3 1 1 2 3 2 4
207 PD6 PD Sylvestris 1760 0 0 1 1 0 0 0 1 2 0 0 0 0 0 0 1 0 0 1 0 0 1 1 0 0 0 1 0 1 0 0 0 0 26.0000701 20 40 60 37.37704918 66.72038678 54.59016393 30.78162772 8.032786885 2.578565673 828 382 32 1241 398.9636575 20 10 11 3 4 7 7 0 0 3 3 1 1 2 2 2 2 3 4 1 2 2 2 7 7 3 3 2 2 2 2 3 4
208 PD7 PD Sylvestris 1760 0 0 1 1 0 0 0 1 2 0 0 0 0 1 0 0 0 0 1 0 0 1 2 0 0 0 1 0 2 0 0 0 0 40.00010784 23 63.662 50 48.96313364 71.72495554 45.39170507 26.43746295 5.64516129 1.896858328 1210 446 32 1687 597.6029897 1 10 13 4 6 6 7 0 0 3 3 1 1 2 2 2 3 2 3 2 3 2 2 6 8 3 4 2 2 2 3 3 4
209 PD8 PD Sylvestris 1880 0 0 1 1 0 0 0 0 2 0 0 0 0 1 0 0 0 0 2 0 0 0 2 0 0 0 0 0 1 0 4 0 0 22.50006066 17 10 75 9.012131716 35.00784929 40.3812825 40.03139717 50.60658579 24.96075353 223 255 159 637 48.88080741 5 8 14 3 4 5 10 0 0 2 2 0 0 2 2 1 2 1 2 2 3 1 1 5 10 4 8 2 2 1 2 1 2
210 PD9 PD Sylvestris 1550 0 0 1 1 0 0 0 0 4 0 0 0 0 0 0 0 0 0 0 2 0 1 2 0 0 0 1 0 3 0 0 0 0 33.50009032 23 63.662 60 18.36027714 42.0661157 61.20092379 50 20.43879908 7.851239669 509 605 95 1210 271.0202944 20 8 15 2 7 6 8 0 0 3 3 1 1 2 2 2 3 1 4 1 4 2 2 5 9 2 5 2 2 2 3 2 5
211 PT1 PT Sylvestris 1020 0 0 0 0 0 0 0 2 1 0 0 0 0 0 0 0 0 2 0 0 1 1 1 1 0 0 1 0 0 0 0 0 0 11.00002966 16 5 90 5.83090379 45.42857143 28.27988338 27.14285714 65.88921283 27.14285714 159 95 95 350 36.95041723 20 8 10 2 3 6 7 0 0 1 1 1 1 0 0 3 3 2 3 2 3 1 1 5 6 2 3 0 0 3 3 3 4
212 PT10 PT Sylvestris 1550 0 0 0 1 0 0 0 1 1 0 0 0 0 0 0 0 0 0 1 0 0 1 2 0 0 0 0 0 0 0 0 0 0 4.888863672 16 0 30 47.06840391 65.79925651 52.93159609 34.20074349 0 0 354 184 0 538 177.0461333 0 6 7 2 2 4 5 0 0 1 1 0 0 1 1 2 3 2 2 1 1 1 1 4 5 1 1 1 1 2 3 2 2
213 PT11 PT Sylvestris 1550 0 0 0 1 0 0 0 1 3 0 0 0 0 0 0 0 0 0 1 0 0 0 2 0 0 0 0 0 1 0 0 0 0 12.55549079 16 30 70 47.90697674 65.00956023 52.09302326 35.18164436 0 0 340 184 0 523 170.1920484 1 6 9 3 5 3 4 0 0 1 1 0 0 1 1 1 2 2 4 1 3 0 0 5 6 2 2 1 1 1 2 2 4
214 PT12 PT Sylvestris 1320 0 0 0 0 0 0 0 0 1 0 0 1 0 0 0 1 0 0 0 1 0 1 0 0 0 0 1 1 0 0 0 0 0 8.75002359 20 5 95 11.16071429 28.69955157 38.39285714 42.60089686 50.44642857 28.69955157 64 95 64 223 17.89785834 35 7 7 3 3 4 4 0 0 1 1 1 1 0 0 1 1 3 3 1 1 2 2 4 4 4 4 0 0 1 1 2 2
215 PT13 PT Sylvestris 1320 0 0 0 0 0 0 1 0 1 0 0 0 0 0 0 0 0 0 1 0 0 1 2 0 1 0 1 0 0 0 0 0 0 17.75004785 16 10 95 11.42857143 24.95088409 67.03296703 62.47544204 21.53846154 12.57367387 127 318 64 509 132.2661458 20 7 8 2 2 5 6 0 0 2 2 2 2 0 0 2 3 1 1 2 2 1 1 4 5 2 2 0 0 3 4 2 2
216 PT14 PT Sylvestris 1340 0 0 0 1 0 1 0 0 2 0 0 0 0 0 0 1 0 0 0 1 0 1 2 0 0 0 0 0 2 0 0 1 0 13.00003505 12 0 95 4.733727811 7.729468599 95.26627219 92.2705314 0 0 32 382 0 414 211.9150773 30 9 12 2 4 6 7 1 1 1 1 0 0 1 1 2 3 2 3 3 4 1 1 5 7 5 6 1 1 2 3 1 2
217 PT15 PT Sylvestris 1340 0 0 0 1 0 1 1 1 0 0 0 0 0 0 0 1 0 0 0 0 0 1 1 0 0 0 0 0 0 0 0 0 0 16.25004381 15 0 95 27.15053763 49.91273997 59.67741935 44.5026178 13.17204301 5.584642234 286 255 32 573 138.567673 35 7 7 2 2 4 4 1 1 1 1 0 0 1 1 2 2 2 2 2 2 1 1 4 4 3 3 1 1 2 2 1 1
218 PT16 PT Sylvestris 1425 0 0 0 1 0 1 1 0 2 0 0 0 0 0 0 0 0 0 0 0 0 0 2 0 0 0 0 0 1 0 0 0 0 7.22218497 20 0 10 100 100 0 0 0 0 1118 0 0 1118 645.477601 70 6 8 3 4 2 3 1 1 1 1 0 0 1 1 1 2 1 2 3 4 0 0 3 4 3 3 1 1 1 2 1 2
219 PT17 PT Sylvestris 1425 0 0 0 0 0 1 0 0 2 0 0 1 0 0 0 0 0 0 1 0 0 1 1 0 0 0 0 0 1 0 1 1 0 13.4443751 20 0 30 78.26086957 86.79245283 21.73913043 13.44339623 0 0 368 57 0 424 198.0715359 60 9 10 3 4 5 5 1 1 0 0 0 0 0 0 2 2 2 3 3 4 1 1 5 5 6 6 0 0 2 2 1 2
220 PT18 PT Sylvestris 1425 0 0 0 0 0 0 0 0 1 0 0 0 0 0 0 1 0 0 1 0 0 0 2 0 0 0 0 0 0 0 0 0 0 10.66661165 22 0 20 57.23172628 76.54135338 42.76827372 23.45864662 0 0 509 156 0 665 260.7764049 80 4 5 1 1 3 4 0 0 0 0 0 0 0 0 1 2 2 2 1 1 0 0 3 4 2 2 0 0 1 2 1 1
221 PT19 PT Sylvestris 1750 0 0 0 0 0 0 0 0 1 0 0 0 0 0 0 0 0 0 2 0 0 1 1 0 0 0 1 0 1 0 0 0 0 12.88882241 18 20 60 30.67173638 43.21223709 69.32826362 56.78776291 0 0 226 297 0 523 155.0945948 10 6 7 2 2 4 5 0 0 1 1 1 1 0 0 2 2 1 1 1 1 1 1 4 5 2 3 0 0 2 2 2 2
222 PT2 PT Sylvestris 1040 0 0 0 0 0 0 0 2 2 0 0 1 1 0 0 2 0 2 0 1 1 1 0 1 0 0 0 0 1 0 0 0 0 9.000024264 16 0 90 19.46902655 61.5942029 58.84955752 30.6763285 21.68141593 7.729468599 255 127 32 414 111.9062107 30 11 15 4 6 7 9 0 0 0 0 0 0 0 0 2 2 4 7 3 5 1 1 7 9 7 9 0 0 2 2 2 4
223 PT20 PT Sylvestris 1750 0 0 0 0 0 0 0 1 1 0 0 0 0 0 0 0 0 0 2 0 0 2 2 0 0 0 0 0 0 0 0 0 0 3.999979368 16 0 50 63.73333333 78.46153846 36.26666667 21.84615385 0 0 255 71 0 325 131.6067374 40 5 8 2 2 3 6 0 0 0 0 0 0 0 0 2 4 2 2 1 1 1 2 3 5 1 2 0 0 2 4 2 2
224 PT21 PT Sylvestris 1020 0 0 0 0 0 0 0 2 1 0 0 0 0 0 0 0 0 2 0 0 1 1 1 1 0 0 1 0 1 0 0 0 0 12.41670014 16.5 5 85 21.31228416 62.47464503 32.41243217 22.51521298 46.27528367 15.01014199 308 111 74 493 125.7868568 17 9 11 3 4 6 7 0 0 1 1 1 1 0 0 3 3 2 3 2 3 1 1 6 7 3 4 0 0 3 3 3 4
225 PT22 PT Sylvestris 1040 0 0 0 0 0 0 0 2 2 0 0 1 1 0 0 2 0 2 0 1 1 1 1 1 0 0 0 0 1 0 0 0 0 12.12503269 16.5 0 85 24.03343783 64.63654224 36.20689655 22.98624754 39.75966562 12.57367387 329 117 64 509 140.2248195 25 12 16 4 6 8 10 0 0 0 0 0 0 0 0 3 3 4 7 3 5 1 1 8 10 7 9 0 0 3 3 2 4
226 PT23 PT Sylvestris 1100 0 0 0 0 0 0 0 2 1 0 0 1 0 1 0 2 0 2 0 0 0 0 1 0 0 0 1 1 1 0 2 0 0 13.25003572 20 5 85 28.42904604 72.26624406 27.76459421 16.00633914 43.80635975 11.7274168 456 101 74 631 213.1814564 50 11 15 6 7 5 8 0 0 1 1 1 1 0 0 1 1 4 6 3 4 1 1 7 10 7 10 0 0 1 1 3 4
227 PT24 PT Sylvestris 1050 1 0 0 1 0 1 0 0 2 0 0 0 0 0 0 1 1 1 0 1 1 0 1 0 1 0 0 1 2 0 0 0 0 12.41670014 14.5 5 65 23.51447435 63.48884381 32.09751143 21.5010142 44.38801422 15.01014199 313 106 74 493 129.7394826 60 13 15 4 6 8 8 1 1 2 2 1 1 1 1 1 1 2 3 5 6 1 1 7 8 9 10 1 1 2 2 1 2
228 PT25 PT Sylvestris 1070 0 0 0 1 0 0 0 2 3 0 0 0 0 0 0 1 1 1 0 0 1 0 1 0 0 0 1 0 1 0 0 0 0 12.25003303 16 20 75 29.04392765 65.38461538 40.98191214 26.53846154 29.97416021 8.076923077 340 138 42 520 152.1096096 60 10 13 3 6 7 7 0 0 2 2 1 1 1 1 1 1 3 6 3 5 0 0 7 8 5 5 1 1 1 1 3 6
229 PT26 PT Sylvestris 1020 0 0 0 0 0 0 0 0 1 0 0 1 0 0 0 2 0 1 0 1 0 1 1 0 0 0 1 0 0 0 0 0 0 15.56254196 19 5 85 13.97350993 31.28078818 46.09271523 45.07389163 39.93377483 23.39901478 127 183 95 406 44.5421149 17 8 9 2 2 6 7 0 0 1 1 1 1 0 0 2 2 3 4 2 2 1 1 5 6 4 5 0 0 2 2 2 2
230 PT27 PT Sylvestris 1080 0 0 0 1 0 0 0 0 1 0 0 1 0 1 0 1 0 1 0 0 0 1 1 0 0 0 0 1 0 0 0 0 1 17.12504617 16 2.5 85 10.23990638 23.95348837 47.8642481 50 41.89584552 25.81395349 103 215 111 430 62.48199741 17 10 10 4 4 5 5 1 1 1 1 0 0 1 1 2 2 3 3 4 4 2 2 4 4 6 6 1 1 2 2 1 1
231 PT28 PT Sylvestris 1080 0 0 0 0 0 0 0 1 2 0 0 0 0 0 0 2 1 0 0 1 0 1 2 0 0 0 1 1 0 0 0 0 0 16.75004516 15 0 75 8.946700508 21.8579235 34.13705584 39.07103825 56.91624365 39.07103825 80 143 143 366 36.37306696 35 9 12 3 4 6 8 0 0 1 1 1 1 0 0 2 3 3 5 2 3 2 2 5 7 4 5 0 0 2 3 3 4
232 PT29 PT Sylvestris 1550 0 0 0 1 0 0 0 1 3 0 0 1 0 0 0 0 0 0 1 0 0 1 2 0 0 0 1 0 1 0 0 0 0 14.00003774 16 10 70 37.89808917 68.76227898 30.89171975 18.66404715 31.21019108 12.57367387 350 95 64 509 156.9405408 5 9 12 4 6 5 6 0 0 2 2 1 1 1 1 2 3 3 5 1 3 1 1 7 8 3 3 1 1 2 3 3 5
233 PT3 PT Sylvestris 1100 0 0 0 0 0 0 0 2 1 0 0 1 0 0 0 2 0 1 0 0 0 0 1 0 0 0 1 0 1 0 1 0 0 13.5000364 18 5 90 38.38120104 85.21536671 6.527415144 3.725261932 55.09138381 11.05937136 732 32 95 859 387.2419571 60 9 11 4 5 5 6 0 0 1 1 1 1 0 0 1 1 4 6 2 2 0 0 7 9 5 6 0 0 1 1 3 4
234 PT30 PT Sylvestris 1550 0 0 0 1 0 0 0 1 1 0 0 0 0 1 0 0 0 0 2 0 0 1 2 0 0 0 0 0 0 0 0 0 0 5.999969052 15.5 0 30 47.06840391 65.79925651 52.93159609 34.20074349 0 0 354 184 0 538 177.0461333 0 7 9 3 3 4 6 0 0 1 1 0 0 1 1 2 3 2 2 2 2 1 1 4 6 2 3 1 1 2 3 2 2
235 PT31 PT Sylvestris 1550 0 0 0 1 0 0 0 1 3 0 0 0 0 0 0 0 0 0 1 0 0 1 2 0 0 0 0 0 1 0 0 0 0 12.55549079 15 30 70 47.90697674 65.00956023 52.09302326 35.18164436 0 0 340 184 0 523 170.1920484 1 7 10 3 5 4 5 0 0 1 1 0 0 1 1 2 3 2 4 1 3 1 1 5 6 2 2 1 1 2 3 2 4
236 PT32 PT Sylvestris 1320 0 0 0 1 0 0 0 0 2 0 0 1 0 0 0 1 0 0 0 1 0 0 0 0 0 0 1 1 1 0 0 0 0 12.3500333 19 5 95 14.24853611 31.68044077 58.29538061 54.26997245 27.45608328 14.04958678 115 197 51 363 73.18469785 35 8 9 4 5 4 4 0 0 2 2 1 1 1 1 0 0 3 4 1 2 1 1 6 6 5 5 1 1 0 0 2 3
237 PT33 PT Sylvestris 1320 0 0 0 1 0 0 1 0 2 0 0 1 0 0 0 0 0 0 1 0 0 1 1 0 1 0 1 0 0 0 0 0 0 14.10003801 16 10 95 13.47356453 29.22705314 63.3882888 58.45410628 23.13814667 12.31884058 121 242 51 414 96.62815325 20 9 10 3 4 6 6 0 0 3 3 2 2 1 1 2 2 2 3 2 3 1 1 6 6 3 3 1 1 3 3 2 3
238 PT34 PT Sylvestris 1340 0 0 0 1 0 1 0 1 2 0 0 0 0 0 0 1 0 0 0 1 0 1 2 0 0 0 0 0 2 0 0 0 0 14.00003774 12 0 95 17.41826381 37.79193206 62.40135287 52.65392781 20.18038331 9.554140127 178 248 45 471 103.116439 30 9 12 3 5 5 6 1 1 1 1 0 0 1 1 2 3 3 4 2 3 1 1 6 8 4 5 1 1 2 3 2 3
239 PT35 PT Sylvestris 1340 0 0 0 1 0 0 0 1 0 0 0 0 0 0 0 1 0 0 0 0 0 1 1 0 0 0 0 0 1 0 0 0 1 13.75003707 15 0 95 16.61667666 34.76190476 61.90761848 54.52380952 21.47570486 10.71428571 146 229 45 420 92.14662229 35 7 7 2 2 4 4 1 1 1 1 0 0 1 1 2 2 2 2 1 1 1 1 5 5 3 3 1 1 2 2 1 1
240 PT36 PT Sylvestris 1425 0 0 0 1 0 0 1 0 2 0 0 0 0 0 0 0 0 0 0 0 0 0 2 0 0 0 0 0 1 0 0 0 0 28.3750765 20 0 10 84.9458049 93.63636364 15.0541951 6.363636364 0 0 1751 119 0 1870 978.3988621 70 5 7 3 4 2 3 0 0 1 1 0 0 1 1 1 2 1 2 2 3 0 0 3 4 2 2 1 1 1 2 1 2
241 PT37 PT Sylvestris 1425 0 0 0 0 0 1 0 0 3 0 0 1 0 0 0 0 0 0 1 0 0 1 1 0 0 0 0 0 2 0 1 0 0 26.81257229 20 0 30 78.9543642 89.7972973 21.0456358 10.2027027 0 0 1329 151 0 1480 727.636127 60 8 11 3 6 4 4 1 1 0 0 0 0 0 0 2 2 2 4 2 4 1 1 5 6 5 6 0 0 2 2 1 3
242 PT38 PT Sylvestris 1425 0 0 0 0 0 0 0 0 2 0 0 0 0 0 0 1 0 0 1 0 0 0 2 0 0 0 0 0 1 0 0 0 1 28.06257566 21 0 20 73.36065574 87.24458204 26.63934426 12.81733746 0 0 1409 207 0 1615 760.8037417 95 6 8 2 3 3 4 1 1 0 0 0 0 0 0 1 2 2 3 2 3 0 0 4 5 4 4 0 0 1 2 1 2
243 PT39 PT Sylvestris 1750 0 0 0 0 0 0 0 0 0 0 0 0 0 0 0 0 0 0 2 0 0 1 1 0 0 0 0 0 1 0 0 0 0 16.62954385 19 20 60 41.7889257 56.03960396 58.2110743 43.96039604 0 0 283 222 0 505 148.937347 10 4 5 1 1 3 4 0 0 0 0 0 0 0 0 2 2 0 0 0 0 1 1 3 4 2 3 0 0 2 2 0 0
244 PT4 PT Sylvestris 1050 1 0 0 0 0 0 0 0 2 0 0 0 0 0 0 1 1 1 0 1 1 0 1 0 1 0 0 1 1 0 0 0 0 11.00002966 15 5 70 17.89473684 54.57142857 25.26315789 18.28571429 56.84210526 27.14285714 191 64 95 350 66.21429856 65 11 12 4 5 7 7 0 0 1 1 1 1 0 0 1 1 2 3 4 5 1 1 6 6 8 8 0 0 2 2 1 2
245 PT40 PT Sylvestris 1750 0 0 0 0 0 0 0 1 1 0 0 0 0 0 0 0 0 0 2 0 0 1 1 0 0 0 0 0 0 0 0 0 0 1.629621224 15.5 0 50 51.79517363 66.51480638 48.20482637 33.25740319 0 0 292 146 0 439 146 40 5 6 2 2 3 4 0 0 0 0 0 0 0 0 2 2 2 2 1 1 1 1 3 4 1 2 0 0 2 2 2 2
246 PT5 PT Sylvestris 1070 0 0 0 1 0 0 0 1 3 0 0 0 0 0 0 1 1 1 0 0 1 0 1 0 0 0 1 0 1 0 0 0 0 19.00005122 16 20 80 33.55704698 54.94505495 52.12527964 40.03139717 14.31767338 5.023547881 350 255 32 637 163.2370464 65 10 12 3 5 7 7 0 0 2 2 1 1 1 1 1 1 3 5 3 5 0 0 7 7 5 5 1 1 1 1 3 5
247 PT6 PT Sylvestris 1020 0 0 0 0 0 0 0 0 1 0 0 1 0 0 0 1 0 1 0 1 0 1 1 0 0 0 1 0 0 0 0 0 0 12.75003437 18 5 90 24.91909385 46.1352657 59.22330097 46.1352657 15.85760518 7.729468599 191 191 32 414 91.7986928 20 8 8 2 2 6 6 0 0 1 1 1 1 0 0 2 2 3 3 2 2 1 1 5 5 4 4 0 0 2 2 2 2
248 PT7 PT Sylvestris 1080 0 0 0 1 0 0 0 0 1 0 0 1 0 1 0 1 0 1 0 0 0 1 1 0 0 0 0 1 0 0 0 0 2 5.666637438 15 2.5 90 8.070866142 18.5840708 60.03937008 62.38938053 31.88976378 18.5840708 42 141 42 226 57.15767665 20 10 11 4 4 5 5 1 2 1 1 0 0 1 1 2 2 3 3 4 5 2 2 4 4 6 7 1 1 2 2 1 1
249 PT8 PT Sylvestris 1080 0 0 0 0 0 0 0 1 1 0 0 0 0 0 0 2 1 0 0 1 0 1 2 0 0 0 1 1 0 0 0 0 0 8.444400888 16 0 80 4.166666667 11.02362205 6.510416667 11.02362205 89.32291667 77.95275591 14 14 99 127 49.07477288 40 9 11 3 3 6 8 0 0 1 1 1 1 0 0 2 3 3 4 2 2 2 2 5 7 4 5 0 0 2 3 3 3
250 PT9 PT Sylvestris 1550 0 0 0 1 0 0 0 1 3 0 0 1 0 0 0 0 0 0 1 0 0 1 1 0 0 0 0 0 0 0 0 0 0 14.00003774 16 0 70 37.89808917 68.76227898 30.89171975 18.66404715 31.21019108 12.57367387 350 95 64 509 156.9405408 5 7 9 3 5 4 4 0 0 1 1 0 0 1 1 2 2 3 5 1 3 1 1 5 5 2 2 1 1 2 2 2 4
