CODI ESTRUCTURA Especie ALT COPA PIVI DRMA DEMA LUAR ANTR PRMO TROG ERRU PHOC TUTO TUME TUPH TUVI SYBO SYAT PHBO PHCO REGU REIG AECA PACR PAAT PAMA SIEU CEFA CEBR GAGL FRCO SECI LOCU PYRA EMCA G_m2_ha ALCDOM PEUSMHA CAVPIC CAVTOTAL RECHERB p_G_fina p_N_fina p_G_median p_N_median p_G_gruesa p_N_gruesa Dfina Dmedia Dgruesa DT SD_maderaFMG RECARBUSTIU ESTAQUES TOTR TOTA GENR GENA SPER SPEA UBIR UBIA GRER GREA GRIR GRIA EXCR EXCA PARR PARA SOTR SOTA EDGR EDGA CORR CORA INHR INHA SUTR SUTA
ALIBV1 BV Uncinata 1957.339966 1 0 1 1 0 0 0 0 2 0 0 1 0 0 0 0 0 0 0 0 0 1 6 0 0 0 3 0 4 0 0 0 0 46.4 14.3 137.93 11 70 53 16.9302675 54.60385439 26.01927972 22.69807281 57.05045278 22.69807281 510 212 212 934 172.0503802 9 95 9 20 4 8 5 12 0 0 3 5 1 3 2 2 2 7 2 3 2 3 2 2 5 15 2 4
ALIBV3 BV Uncinata 1964.30356 0 0 1 1 0 0 0 0 0 0 0 1 0 1 0 0 0 0 0 0 0 4 8 0 1 1 2 0 3 0 0 0 0 27.3 13.9 42.44 3.4 3.4 53 19.79522184 53.23590814 24.91467577 23.38204593 55.29010239 23.38204593 255 112 112 479 82.56108849 9 64 10 23 3 5 7 18 0 0 5 6 3 4 2 2 2 12 1 1 1 1 2 5 7 17 4 8
ALITF2 TF Uncinata 2046.033721 0 0 0 0 0 0 0 0 0 1 1 0 0 2 0 0 0 0 0 0 0 1 3 0 0 0 0 0 5 4 4 0 0 4.2 9.8 42.44 0 5 50 75.44434051 86.79245283 24.55565949 13.20754717 0 0 138 21 0 159 74.35724578 37 0 8 21 4 12 3 8 1 1 0 0 0 0 0 0 2 4 0 0 4 8 1 1 3 12 1 1
ALITF4 TF Uncinata 2100.349421 0 0 0 1 0 0 0 0 0 0 0 0 0 0 0 0 0 0 0 0 0 1 4 0 0 0 0 0 4 2 0 0 2 5.2 9 0 0 0 27 68.95615056 86.8852459 31.04384944 13.1147541 0 0 212 32 0 244 114.2861905 45 32 6 14 2 6 3 6 1 2 1 1 0 0 1 1 2 5 0 0 2 4 1 1 3 9 1 1
ALITF5 TF Uncinata 2031.079956 0 0 0 1 0 1 0 0 0 0 0 0 0 0 0 0 1 0 0 0 0 0 4 0 0 0 0 0 4 4 0 0 0 3.1 9.3 0 0 0 28 100 100 0 0 0 0 170 0 0 170 98.14954576 91 0 6 15 2 8 3 6 1 1 1 1 0 0 1 1 1 4 0 0 3 6 0 0 3 9 0 0
ALITF6 TF Uncinata 2071.376414 0 0 0 1 1 1 0 0 1 3 1 0 0 0 0 0 0 0 1 0 0 3 1 0 0 0 0 0 4 4 0 0 2 5.7 9.2 10.61 1 9 35 57.25518227 83.1372549 42.74481773 16.8627451 0 0 212 43 0 255 112.0669443 41 0 12 23 4 10 4 6 4 7 1 1 0 0 1 1 2 4 1 1 7 13 1 3 4 7 1 3
ALITF7 TF Uncinata 1944.226897 0 0 0 1 0 0 0 0 1 0 3 0 2 1 0 0 0 0 0 0 0 1 3 0 0 0 0 0 5 3 0 0 0 3.7 8.7 10.61 0 4 23 58.59213251 84.90566038 41.40786749 15.09433962 0 0 180 32 0 212 96.02777376 64 32 9 20 5 13 4 7 0 0 1 1 0 0 1 1 2 4 1 1 5 10 1 1 3 9 1 1
ALITF8 TF Uncinata 1933.592695 0 0 0 1 0 0 0 0 2 1 0 0 0 1 0 0 0 0 1 0 0 0 4 0 0 0 0 0 3 0 1 0 1 5.5 8.6 47.75 1 1 32.6 85.2724595 94.71947195 14.7275405 5.280528053 0 0 287 16 0 303 161.2792609 55.6 0 9 15 3 6 4 7 2 2 1 1 0 0 1 1 1 4 1 2 4 5 0 0 5 10 0 0
ALPTD11.1 TD Uncinata 1769.256813 0 0 1 0 0 0 0 0 0 0 1 0 1 1 0 0 0 0 1 0 0 0 5 0 1 0 2 0 5 9 0 1 0 32.8 17.3 10.61 0 8 75 2.579000415 9.696969697 20.79800794 35.45454545 76.62299164 54.84848485 32 117 181 330 74.74623736 11 0 11 28 4 16 7 12 0 0 3 4 2 3 1 1 1 5 0 0 5 13 1 1 5 14 2 3
ALPTD12.1 TD Uncinata 1759.921292 0 0 0 1 0 0 3 0 0 0 1 3 3 1 0 2 0 0 0 1 0 0 4 0 1 0 2 0 3 0 0 0 2 20.7 17.3 7.96 0 2 56 16.30558723 56.50118203 23.41315089 20.80378251 60.28126188 22.69503546 239 88 96 423 84.96469855 47 0 13 27 5 11 7 14 1 2 3 4 2 3 1 1 1 4 2 5 5 10 0 0 8 17 2 3
ALPTD12.2 TD Uncinata 1691.352722 0 0 0 1 0 0 2 0 2 0 0 0 0 0 0 0 0 0 0 0 0 2 3 0 1 0 1 0 2 1 1 0 0 26 15.7 31.83 0 3 52 22.06901692 50.92250923 49.15405828 40.95940959 28.7769248 8.118081181 276 222 44 542 121.397419 25 21 10 16 4 7 6 9 0 0 3 3 2 2 1 1 2 5 1 2 3 5 1 2 6 9 3 4
ALPTF13.1 TF Uncinata 1781.969626 1 1 1 1 0 1 1 0 3 0 1 0 1 0 0 0 0 0 2 1 0 1 5 0 0 0 1 0 1 0 0 0 0 19.6 15 21.22 0.9 10.8 62 49.79811575 89.81779207 12.31493943 4.501607717 37.88694482 5.680600214 838 42 53 933 456.4285267 29 11 15 22 5 7 8 13 2 2 4 4 1 1 3 3 2 6 1 3 7 9 2 2 6 11 2 2
ANEBV2 BV Uncinata 2017.73999 0 0 0 0 0 0 0 0 0 0 0 0 0 0 0 0 0 0 0 0 0 0 4 0 0 3 0 0 1 0 0 0 0 32.8 13.9 21.22 0 10 82 9.429863191 41.66666667 24.13246433 27.85087719 66.43767248 30.48245614 190 127 139 456 33.45145737 39 11 3 8 1 1 2 7 0 0 1 3 1 3 0 0 1 4 0 0 0 0 0 0 3 8 1 3
ANEBV3 BV Uncinata 2038.77002 1 1 0 2 0 0 1 0 0 0 0 0 0 0 0 0 0 2 0 0 0 1 10 0 0 1 0 0 5 0 0 0 0 15.9 12 21.22 0 24 77 7.831021438 42.85714286 17.99495586 19.19642857 74.1740227 37.94642857 96 43 85 224 27.97022226 30 0 9 24 3 7 5 16 1 1 3 4 1 1 2 3 2 11 0 0 4 5 1 1 4 18 2 2
ANEBV5 BV Uncinata 2055.560059 0 0 0 2 0 0 2 0 0 0 0 0 0 0 0 0 0 0 1 0 0 1 7 0 0 1 0 0 4 3 0 0 0 35.9 13.4 31.83 14 17 68 8.713166317 38.54389722 17.17249752 22.69807281 74.11433617 38.75802998 180 106 181 467 43.01550108 64 0 8 21 3 9 5 12 0 0 2 3 1 1 1 2 2 8 0 0 2 5 1 1 5 15 2 2
ANEBV6 BV Uncinata 2147.800049 0 0 0 2 0 0 2 0 0 0 0 0 0 1 0 0 0 0 3 0 0 0 4 0 0 0 0 0 3 0 0 0 0 54.9 14.3 63.66 13 29 60 8.891914162 36.57770801 15.86715867 23.39089482 75.24092717 40.03139717 233 149 255 637 55.94044452 52 106 6 15 3 6 3 9 0 0 1 2 0 0 1 2 1 4 0 0 2 3 0 0 4 12 0 0
ANEBV7 BV Uncinata 2114.929932 0 0 0 1 0 0 2 0 0 0 0 0 0 0 0 0 0 1 0 0 0 1 6 0 0 0 0 1 1 0 0 0 0 42.3 13.7 53.05 0 33 73 19.35853927 55.89459085 19.85564744 19.14008322 60.7858133 24.96532594 403 138 180 721 142.4300998 70 32 7 13 3 4 4 9 0 0 1 1 0 0 1 1 2 7 0 0 2 3 2 2 3 8 1 1
ARABV00.1 BV Uncinata 2055.479981 0 0 0 1 0 0 1 2 2 0 0 1 0 0 0 0 0 0 0 0 0 2 3 0 0 0 2 0 2 1 0 0 0 44.9 13.3 84.88 0 35 87 33.64283235 68.48635236 35.33061437 21.91894127 31.02655328 9.594706369 828 265 116 1209 375.5249659 72 149 10 17 6 9 4 8 0 0 2 3 1 2 1 1 2 5 3 5 3 4 1 2 6 11 2 4
ARABV00.2 BV Uncinata 2088.51001 0 0 0 1 0 0 1 1 1 0 1 0 0 0 0 0 0 0 0 0 0 2 2 0 0 0 1 0 2 0 0 0 0 26.2 13.2 42.44 5.7 23.4 75 36.7245283 78.04597701 23.48679245 12.18390805 39.78867925 9.770114943 679 106 85 870 337.0474744 62 32 9 12 5 6 4 6 0 0 2 2 1 1 1 1 2 4 2 2 3 3 1 2 5 7 2 3
ARABV1 BV Uncinata 2192.620117 0 0 0 2 0 0 0 0 0 0 0 0 0 0 0 0 0 0 1 0 0 1 8 0 1 0 1 0 1 0 3 0 0 65.2 14.5 84.88 36 85 42 6.071470211 31.80628272 20.29847266 27.87958115 73.63005713 40.31413613 243 213 308 764 48.56267428 19 11 8 18 1 1 7 17 0 0 3 4 2 2 1 2 2 9 0 0 0 0 1 1 7 17 3 3
ARABV2 BV Uncinata 2188.27002 0 0 0 1 0 0 2 1 1 0 0 0 1 0 0 1 0 0 1 0 0 0 7 0 0 0 1 0 3 0 0 0 0 46.7 14 169.76 0 22 77 20.9088599 53.01478953 34.6730476 31.39931741 44.4180925 15.58589306 466 276 137 879 165.1575006 71 0 10 19 4 7 6 12 0 0 2 2 1 1 1 1 1 7 3 3 3 4 0 0 7 15 1 1
ARABV47.1 BV Uncinata 2098.590088 0 0 0 2 0 0 0 0 0 0 0 0 0 0 0 0 0 0 0 0 0 2 3 0 0 0 2 0 4 3 0 0 0 27 12.9 95.49 21 39 48 28.16790052 64.99215071 22.31006972 15.07064364 49.52202976 19.93720565 414 96 127 637 175.3349176 46 0 6 16 2 7 4 9 0 0 2 4 1 2 1 2 2 5 0 0 1 3 1 2 4 11 2 4
ARABV49.1 BV Uncinata 2121.969971 1 0 0 1 0 0 0 0 1 0 2 0 0 1 0 0 0 0 2 0 0 2 3 0 0 0 1 0 3 3 2 0 0 51 13.9 286.48 0.9 26.2 60 24.84914127 60.87328767 37.1886121 27.31164384 37.96224663 11.81506849 711 319 138 1168 292.9032832 11 11 12 22 6 11 6 11 0 0 2 2 1 1 1 1 2 5 1 1 5 8 1 2 6 12 2 3
ARAFM01.1 FM Uncinata 1811.914682 0 0 0 1 0 0 0 0 0 0 1 0 0 0 0 2 0 1 2 0 0 1 5 0 0 0 2 0 4 0 0 0 0 49.6 16.8 159.15 4 25 10 15.08246697 48.89779559 37.40326741 30.86172345 47.51426561 20.24048096 488 308 202 998 144.5867675 65 0 9 19 2 5 7 14 0 0 2 3 1 2 1 1 2 6 1 2 2 2 1 1 6 16 2 3
ARAFM13.1 FM Uncinata 1811.732284 0 0 0 1 0 0 0 0 1 0 0 0 0 2 0 0 0 0 1 0 0 3 5 0 0 0 2 0 4 0 2 0 0 44.2 16.3 148.54 8 36 53 15.13952977 38.16604709 49.90990991 44.73358116 34.95056032 17.10037175 308 361 138 807 116.5032188 44 0 9 21 3 7 6 14 0 0 2 3 1 2 1 1 2 8 1 1 2 3 1 3 6 15 2 5
ARAFM14.1 FM Uncinata 1892.279442 0 0 0 1 0 0 1 0 1 0 1 0 0 1 0 0 0 0 1 0 0 2 5 0 1 0 3 0 3 0 0 0 0 57.5 16.3 148.54 4 44 35 17.0526817 45.42343884 43.49556168 38.15226689 39.45175662 16.42429427 531 446 192 1169 176.3812159 28 0 11 20 5 7 6 13 0 0 3 5 2 4 1 1 2 7 1 1 4 4 1 2 6 14 3 6
ARATD27.1 TD Uncinata 2127.313868 0 0 0 1 0 0 0 0 0 0 1 0 0 0 0 0 0 0 4 0 0 1 8 0 0 0 1 0 3 2 0 0 0 39.9 15.9 74.27 2.9 12.5 27 20.88399442 43.95465995 53.68746263 45.46599496 25.42854295 10.57934509 349 361 84 794 156.5769247 21 32 8 21 3 6 5 15 0 0 2 2 1 1 1 1 2 9 0 0 2 3 1 1 5 17 2 2
ARATD27.2 TD Uncinata 2109.526529 0 0 0 1 0 0 0 1 2 0 1 0 0 0 0 0 0 1 2 0 0 2 7 0 0 0 2 0 2 1 0 0 0 24.8 16.2 74.27 8.5 13.1 32 26.54017334 61.73393124 47.07581791 31.83856502 26.38400875 6.427503737 413 213 43 669 185.2025918 21 11 11 22 5 7 6 15 0 0 2 3 1 2 1 1 2 9 2 3 4 5 1 2 6 15 2 4
ARATD27.3 TD Uncinata 2200.642231 0 0 0 1 0 0 0 0 1 0 0 0 0 0 0 0 0 0 2 0 0 2 7 0 0 0 2 0 3 0 0 0 0 40.2 17.1 74.27 1.9 10.4 15 11.5377033 42.26804124 35.55446033 32.84241532 52.90783637 24.88954345 287 223 169 679 59.07057925 64 0 7 18 2 4 5 14 0 0 2 3 1 2 1 1 2 9 1 1 1 1 1 2 5 15 2 4
ARATF26.1 TF Uncinata 2039.651834 0 0 0 0 0 0 2 0 1 0 0 0 0 1 0 0 0 0 1 0 0 1 4 0 0 0 0 0 0 0 0 0 0 21.5 13.2 42.44 1 10 28 64.05111131 88.54368932 24.76379016 9.32038835 11.18509853 2.13592233 912 96 22 1030 493.8677286 50 32 6 10 3 4 3 6 0 0 0 0 0 0 0 0 2 5 1 1 3 4 1 1 2 5 1 1
BESBV1 BV Uncinata 2207.350098 0 0 0 1 0 0 0 2 0 0 0 1 0 4 0 0 0 0 1 0 0 2 3 0 0 0 1 0 3 0 1 1 0 56 13.5 42.44 0 1 60 9.656614956 30.86419753 43.4547673 42.87317621 46.88861774 26.26262626 275 382 234 891 76.41334962 60 0 11 20 4 10 7 10 0 0 2 2 1 1 1 1 2 5 2 3 2 5 1 2 8 13 2 3
BESBV2 BV Uncinata 2181.540039 1 0 0 1 0 0 0 1 0 0 0 1 0 0 0 0 0 0 0 0 0 1 6 0 0 0 1 0 4 0 0 1 0 35.6 12.6 0 8.6 14.3 83 8.042778414 37.65690377 25.42696568 31.17154812 66.53025591 31.17154812 180 149 149 478 17.89785834 91 0 9 17 4 7 5 10 0 0 2 2 1 1 1 1 2 7 2 2 2 2 1 1 6 14 2 2
BESFM1 FM Uncinata 2135.426204 0 0 0 1 0 0 0 3 0 0 0 0 0 0 0 0 0 0 1 0 0 1 7 0 0 0 2 0 4 0 0 1 0 75.2 16.4 424.41 1 7 60 20.45580002 47.42268041 39.23980759 34.29553265 40.3043924 18.28178694 690 499 266 1455 212.3464151 60 0 8 20 2 7 6 13 0 0 2 3 1 2 1 1 2 8 1 3 1 1 1 1 6 18 2 3
BESFM2 FM Uncinata 2121.455791 1 0 1 1 0 0 2 0 0 0 0 1 0 0 0 1 0 0 1 0 0 2 4 0 0 0 2 1 6 0 0 0 0 52.1 16.5 74.27 1 11.7 77 7.086090267 26.86357243 29.01341811 34.31786217 63.90049163 38.8185654 191 244 276 711 42.93017587 88 0 12 23 5 11 7 12 0 0 3 4 1 2 2 2 2 6 2 2 2 3 3 4 7 16 2 4
BESFM3 FM Uncinata 2127.938042 1 0 0 4 0 0 1 0 0 0 0 1 0 2 0 0 0 0 3 0 0 1 4 0 0 0 0 0 5 0 0 0 0 48.9 16 106.1 0 4 73 15.45830352 40.25974026 39.24000318 36.68831169 45.3016933 23.05194805 372 339 213 924 83.91066678 85 0 9 22 5 10 4 12 0 0 1 4 0 0 1 4 2 5 1 1 3 4 1 1 5 17 1 1
BOEBV1 BV Uncinata 2151.030029 0 0 0 0 0 0 0 0 2 0 0 0 0 0 0 0 0 0 4 0 0 2 5 0 1 1 0 0 2 0 0 0 0 35.4 13.5 95.49 0 81 57 27.66076317 62.58503401 37.90714565 26.53061224 34.43209118 10.88435374 552 234 96 882 233.8461032 30 0 7 17 2 4 5 13 0 0 2 2 2 2 0 0 2 7 1 2 1 2 1 2 5 13 3 4
BOEBV2 BV Uncinata 1991.089966 1 0 0 1 0 0 0 0 1 0 0 0 0 1 0 1 0 0 3 0 0 2 6 0 0 0 1 0 2 0 1 1 0 26.4 13.4 10.61 1 26 45 16.9594997 49.89247312 29.2659321 31.82795699 53.7745682 18.27956989 232 148 85 465 73.74957627 24 0 12 21 4 5 8 16 0 0 2 2 1 1 1 1 2 8 2 2 4 4 1 2 7 15 2 3
BOEBV3 BV Uncinata 1939.199951 0 0 1 0 0 0 0 2 2 0 0 0 0 0 0 2 0 0 3 0 0 1 4 0 0 0 0 1 3 0 0 0 0 51.3 14.3 53.05 0.9 18.8 35 7.546044292 37.32057416 11.60241593 16.90590112 80.85153978 45.77352472 234 106 287 627 93.05374791 55 11 9 19 4 8 5 11 0 0 1 1 0 0 1 1 2 5 3 6 1 2 3 3 5 14 1 1
BOEBV4 BV Uncinata 1940.069946 0 0 0 1 0 0 1 2 2 0 0 0 0 1 0 2 0 1 2 0 0 1 4 0 1 0 1 0 4 0 0 0 0 38.1 14.7 42.44 6.4 21.6 42 10.0703788 41.39344262 18.25191472 26.02459016 71.67770648 32.58196721 202 127 159 488 37.6342043 52 0 13 23 5 10 8 13 0 0 3 3 2 2 1 1 2 5 3 6 4 5 1 1 8 17 3 3
BURFM1 FM Uncinata 1879.523109 1 0 0 1 0 0 0 0 0 0 0 0 2 0 0 0 0 0 2 0 0 2 4 0 0 0 1 0 1 0 4 0 0 58.2 16.4 63.66 0 7 68 16.72236376 42.11453744 45.83595275 40.17621145 37.44168349 17.7092511 478 456 201 1135 153.9686115 52 32 9 18 2 2 7 16 0 0 2 2 1 1 1 1 2 6 0 0 2 3 1 2 6 13 2 3
BURFM2 FM Uncinata 1934.700089 0 0 0 1 0 0 0 0 0 0 2 0 0 1 0 0 0 0 2 0 0 2 3 1 0 0 1 1 1 0 0 0 0 65.1 16.8 403.19 0 29 72 32.16929374 65.15885837 45.87941595 28.00215401 21.95129031 6.838987614 1210 520 127 1857 548.245383 14 117 10 15 4 5 6 10 0 0 2 2 1 1 1 1 3 6 0 0 2 3 2 3 6 9 3 4
BURFM3 FM Uncinata 1836.750876 0 0 0 1 0 0 1 0 0 0 0 0 2 1 0 0 0 0 2 0 0 2 3 0 0 0 1 0 1 0 1 1 0 61.7 15.8 84.88 1 21 87 15.34913313 37.38977072 49.42898044 45.76719577 35.22188643 16.84303351 424 519 191 1134 168.769073 36 64 11 16 3 3 8 13 0 0 2 2 1 1 1 1 2 5 0 0 4 5 1 2 6 9 2 3
DASTD28.2 TD Uncinata 2021.647779 0 0 0 1 0 1 1 1 1 0 0 1 0 1 1 1 1 0 1 0 0 1 6 1 0 0 2 0 4 0 1 1 0 26.5 16.1 63.66 5.9 23.6 70 36.85809559 82.50728863 21.91922934 9.232264334 41.22267506 8.260447036 849 95 85 1029 438.2373786 53 42 18 27 6 9 11 17 1 1 2 3 1 2 1 1 3 8 5 5 7 7 1 1 10 19 3 4
DASTD29.1 TD Uncinata 1669.985155 0 0 0 2 0 0 0 2 2 0 0 1 0 0 0 0 0 3 1 1 0 2 5 0 1 0 2 0 3 0 0 2 0 33.3 19.1 42.44 11 26 75 14.35036664 58.6038961 6.851512374 6.980519481 78.79812099 34.41558442 361 43 212 616 159.1047873 56 0 13 27 4 8 9 19 0 0 3 5 2 3 1 2 2 7 3 5 3 7 1 2 9 18 3 5
DASTD3.1 TD Uncinata 1701.056825 0 0 0 1 0 1 2 0 1 0 0 0 1 1 0 0 0 0 0 2 0 1 1 0 0 0 2 0 3 4 0 0 0 15.9 14.3 63.66 1.7 16.4 73 27.93023539 60.91954023 44.35906818 29.1954023 27.71069643 9.885057471 265 127 43 435 112.0892502 54 21 12 20 5 11 6 8 1 1 2 3 1 2 1 1 2 2 1 1 6 10 1 1 5 9 2 3
DASTD3.2 TD Uncinata 1698.031405 1 0 1 1 0 0 0 0 1 0 0 0 0 2 0 0 0 1 3 0 0 0 4 0 1 0 3 0 2 0 2 0 0 29.5 16.9 31.83 3.6 43.8 73 10.73641641 47.36 38.75154915 30.56 50.51203444 22.08 296 191 138 625 80.41351462 70 0 12 22 4 6 8 16 0 0 4 6 2 4 2 2 1 4 1 1 4 5 1 1 7 16 2 4
DASTD5.1 TD Uncinata 1897.508782 0 1 1 1 0 1 3 0 1 0 4 0 1 2 0 0 0 0 1 1 0 0 2 0 1 0 1 0 5 2 0 0 0 30.8 17 10.61 10 33.95 75 2.005440628 15.0997151 16.3155564 21.36752137 81.67900297 63.53276353 53 75 223 351 92.45539465 37 11 16 28 6 17 8 9 2 2 5 5 2 2 3 3 1 2 1 1 8 15 1 1 7 12 2 2
DASTD6.2 TD Uncinata 1949.833684 2 0 0 0 0 1 0 0 0 0 0 1 1 2 0 0 0 0 2 1 0 1 5 0 1 0 2 0 4 0 0 0 0 37.7 16.5 42.44 10 16 77 18.84538819 51.94968553 30.98361493 25.28301887 50.17099689 22.7672956 413 201 181 795 128.5612694 15 74 12 23 4 9 7 13 1 1 2 3 2 3 0 0 2 6 1 1 4 6 1 1 7 16 3 4
DASTF28.1 TF Uncinata 1765.343742 0 1 1 1 1 1 3 0 0 0 0 1 0 1 0 0 2 0 0 0 0 1 4 0 1 0 1 0 3 5 1 1 0 11.7 15.4 0 7 16 72 35.53519769 85.09174312 10.78431373 5.04587156 53.68048859 9.862385321 371 22 43 436 195.7149287 21 21 17 29 5 13 9 13 3 3 5 5 2 2 3 3 2 5 1 1 8 15 2 2 7 12 3 3
DASTF6.1 TF Uncinata 1893.559739 0 1 0 1 0 2 2 0 2 0 2 0 2 0 0 0 0 0 2 0 0 1 5 0 0 0 1 0 3 3 0 2 0 13.5 15.9 31.83 1 6.7 85 27.61151892 60.31331593 48.56013552 31.33159269 23.82834557 8.355091384 231 120 32 383 99.72127824 27 85 14 29 5 12 7 14 2 3 3 3 1 1 2 2 2 6 1 2 8 16 1 1 5 12 2 2
JOUTF1 TF Uncinata 1950.558342 0 0 0 1 0 1 1 0 0 0 0 2 0 1 0 0 0 0 0 0 0 2 4 0 0 0 0 0 4 0 0 1 0 2.4 7.1 10.61 0 0 55 100 100 0 0 0 0 265 0 0 265 152.9978213 49 0 9 17 4 8 4 8 1 1 1 1 0 0 1 1 2 6 1 2 4 4 1 2 4 11 1 2
JOUTF2 TF Uncinata 1991.808083 0 0 0 1 0 0 0 0 0 0 0 0 0 0 0 0 0 0 0 0 0 3 6 0 0 0 0 0 5 0 0 0 0 14.4 7.9 63.66 0 15 43 70.46149569 89.45409429 29.53850431 10.54590571 0 0 721 85 0 806 394.0308787 24 21 4 15 1 5 3 10 0 0 1 1 0 0 1 1 2 9 0 0 0 0 1 3 3 12 1 3
JOUTF3 TF Uncinata 2045.091907 0 0 0 2 0 2 1 0 0 0 2 0 0 1 0 0 0 0 0 0 0 4 4 0 0 0 0 0 2 0 0 2 2 5.2 8.3 10.61 0 7 50 85.48919018 97.41176471 14.51080982 2.588235294 0 0 414 11 0 425 235.9117066 73 11 10 22 4 6 4 12 2 4 1 2 0 0 1 2 2 8 0 0 6 10 1 4 3 8 1 4
LESBV02.1 BV Uncinata 2241.370117 0 0 0 1 0 0 2 0 0 0 0 0 0 1 0 0 0 0 1 0 0 1 5 0 1 1 2 0 2 0 0 1 0 82.6 14.4 212.21 0 46 37 9.365522841 36.57548126 14.4948301 20.36474164 76.13964706 43.0597771 361 201 425 987 115.3776408 30 0 11 18 3 5 8 13 0 0 4 5 3 4 1 1 2 6 0 0 3 4 1 1 7 13 4 5
LESBV1 BV Uncinata 2276.209961 0 0 1 0 0 0 0 0 2 0 2 0 0 0 0 0 0 0 0 0 0 1 7 0 0 0 1 0 1 0 0 0 0 43.7 13.8 95.49 13 34 23 11.69257718 45.63106796 25.23319466 29.4036061 63.07422816 24.96532594 329 212 180 721 78.43681109 23 53 7 15 3 5 4 10 0 0 2 2 1 1 1 1 2 8 1 2 2 4 2 2 3 9 2 2
LESBV2 BV Uncinata 2261.5 0 0 0 2 0 0 0 0 2 0 1 0 0 0 0 0 0 0 2 0 0 1 3 0 0 0 1 0 1 2 0 0 0 68.5 15.2 647.23 7 42 73 15.35805006 45.62706271 35.24559751 34.98349835 49.39635243 19.38943894 553 424 235 1212 159.940614 5 11 9 15 4 6 5 9 0 0 2 3 1 1 1 2 2 4 1 2 3 5 1 1 5 9 2 2
LESBV3 BV Uncinata 2265.370117 0 0 0 2 0 0 0 0 1 0 2 0 0 2 0 0 0 0 0 0 0 3 7 0 0 0 2 0 4 0 0 0 0 52.6 13.5 84.88 1 37 75 21.60246759 64.07369498 21.12877759 20.67553736 57.26875482 15.25076766 626 202 149 977 261.4427917 8 32 8 23 4 9 4 14 0 0 2 4 1 2 1 2 2 10 1 1 3 5 1 3 4 15 2 5
LESBV4 BV Uncinata 2272.939941 0 0 0 1 0 0 0 0 2 0 2 0 1 0 0 0 0 0 0 0 0 1 5 0 0 0 0 0 2 0 0 0 0 57.9 13.8 74.27 5 21 72 19.86484632 55.09615385 26.87637212 26.53846154 53.25878156 18.36538462 573 276 191 1040 200.5650352 12 11 7 14 3 6 4 8 0 0 1 1 0 0 1 1 2 6 1 2 3 5 1 1 3 8 1 1
LESBV5 BV Uncinata 2208.280029 0 0 0 1 0 0 0 0 3 0 2 0 0 1 0 0 0 0 2 0 0 2 4 0 0 0 1 0 1 0 0 0 0 50.5 14.2 116.71 3 35 65 22.35312355 56.58995816 23.19407844 21.12970711 54.45279802 22.28033473 541 202 213 956 192.6248513 32 11 9 17 4 7 5 10 0 0 2 2 1 1 1 1 2 6 1 3 3 6 1 2 5 9 2 3
LESBV6 BV Uncinata 2162.350098 1 0 0 1 0 0 1 0 3 0 0 0 0 0 0 0 0 0 1 0 0 1 7 0 0 0 1 0 2 0 0 1 0 31.9 9.1 148.54 10 23 55 15.50765386 45 30.40299906 27.40740741 54.08934708 27.59259259 243 148 149 540 54.56189146 25 11 10 19 4 7 6 12 0 0 2 2 1 1 1 1 2 8 1 3 4 6 1 1 5 12 2 2
LESFM00.1 FM Uncinata 1881.060918 0 0 0 1 0 0 0 0 2 0 1 0 0 0 0 0 0 0 2 0 0 3 4 0 1 0 0 0 4 0 0 0 0 53.4 17.1 159.15 18 50 40 20.4231797 55.58659218 28.85748801 25.1396648 50.71933228 19.27374302 597 270 207 1074 209.3633206 24 16 8 18 3 7 5 11 0 0 2 2 1 1 1 1 2 7 1 2 2 3 1 3 5 12 2 4
LESFM11.1 FM Uncinata 1910.528156 0 0 0 1 0 0 0 0 0 0 0 0 0 2 0 0 0 0 1 0 0 2 5 0 0 0 1 0 3 1 0 0 0 61 16.3 254.65 0 20 73 21.51437221 51.62002946 48.26328982 37.48159057 30.22233797 10.89837997 701 509 148 1358 280.7709624 7 0 8 16 3 6 5 10 0 0 2 2 1 1 1 1 2 7 0 0 2 3 1 2 5 11 2 3
LESFM11.2 FM Uncinata 1891.385078 0 0 0 1 0 0 0 0 0 0 0 0 0 1 0 0 0 0 2 0 0 1 5 0 1 0 1 0 2 0 0 0 0 49.4 16.2 201.6 10 24 47 25.50729233 55.75959933 44.37618897 32.721202 30.11651871 11.51919866 668 392 138 1198 265.0760897 8 0 8 14 2 3 6 11 0 0 3 3 2 2 1 1 2 6 0 0 1 1 1 1 6 12 3 3
LESFM53.1 FM Uncinata 1927.476953 0 0 0 1 0 0 0 0 1 0 0 0 2 1 0 0 0 0 2 0 0 1 4 0 1 0 1 0 0 2 0 0 0 71.8 16 403.19 9 23 43 30.09270654 62.10070384 41.17647059 27.55820249 28.73082287 10.34109367 1147 509 191 1847 486.8442598 11 21 10 16 3 4 7 12 0 0 3 3 2 2 1 1 2 5 1 1 4 6 1 1 5 9 3 3
LESFM91.1 FM Uncinata 2030.520957 0 0 0 2 0 0 0 0 1 0 0 0 1 0 0 0 0 0 1 0 0 1 4 0 0 0 1 0 1 0 0 0 0 52.6 16.3 167.11 0.8 4 43 27.4388893 62.4813154 38.76744701 26.15844544 33.79366369 11.36023916 836 350 152 1338 351.960225 10 56 8 12 2 2 6 10 0 0 2 3 1 1 1 2 2 5 1 1 2 2 1 1 5 9 2 2
LESFM91.2 FM Uncinata 2053.182991 0 0 0 2 0 0 0 0 0 0 1 0 2 1 0 0 0 0 3 0 0 1 4 0 1 0 1 0 2 0 0 0 0 54.1 16.4 71.62 9 11 61 15.7332337 45.80712788 26.79245283 24.9475891 57.47431347 29.24528302 437 238 279 954 105.0761629 24 64 10 18 3 4 7 14 0 0 3 4 2 2 1 2 2 5 0 0 3 4 1 1 6 13 3 3
LESFM96.3 FM Uncinata 2098.70948 0 0 0 1 0 0 0 0 0 0 1 0 0 0 0 0 0 0 2 0 0 1 5 0 0 0 2 0 3 0 0 0 0 58.4 15.5 103.45 0.89 4.45 10 24.77932326 54.65703971 43.58031296 33.86281588 31.64036378 11.4801444 757 469 159 1385 299.0674394 39 8 7 15 2 4 5 11 0 0 2 3 1 2 1 1 2 6 0 0 1 1 1 1 5 13 2 3
LESTD91.3 TD Uncinata 2017.85311 0 0 0 2 0 0 0 0 1 0 0 0 0 0 0 0 0 0 1 0 0 2 4 0 1 0 3 0 2 1 1 0 0 24.1 16.5 10.61 14 17.95 50 19.36183893 54.79704797 42.0270053 33.39483395 38.61115576 11.80811808 297 181 64 542 116.5003577 5 0 10 18 3 4 7 14 0 0 3 6 2 4 1 2 2 6 1 1 2 2 1 2 7 14 3 6
LESTD91.4 TD Uncinata 1989.35567 0 0 0 2 0 0 2 0 1 0 0 0 0 0 0 0 0 0 2 0 0 1 8 0 0 0 1 0 2 0 2 1 0 26 17.9 31.83 15 21 52 27.64443098 70.33158813 14.78004089 11.16928447 57.57552813 18.4991274 403 64 106 573 184.7944804 15 11 10 22 3 5 7 17 0 0 2 3 1 1 1 2 2 9 1 1 3 4 1 1 6 17 2 2
LESTF01.1 TF Uncinata 2166.606951 0 0 0 1 0 1 3 0 1 0 0 0 0 0 0 0 0 0 1 0 0 1 5 0 0 0 2 0 3 2 1 0 0 23.9 13.2 53.05 3 3 52 48.49310676 81.04712042 33.29592818 14.45026178 18.21096505 4.502617801 774 138 43 955 397.4673991 42 21 11 21 4 9 6 11 1 1 2 3 1 2 1 1 2 6 1 1 4 7 1 1 6 13 2 3
LESTF1 TF Uncinata 2122.837344 0 0 0 1 0 0 0 0 0 0 1 0 0 0 0 0 0 0 1 0 0 3 3 0 0 0 2 0 6 0 0 0 0 13.5 13.1 10.61 7 18 78 77.24039829 92.17603912 22.75960171 7.82396088 0 0 754 64 0 818 418.0733588 26 42 7 17 2 7 5 10 0 0 2 3 1 2 1 1 2 6 0 0 1 1 1 3 5 13 2 5
MERTD26.1 TD Uncinata 2018.912846 0 0 0 1 0 0 1 0 1 0 0 0 0 1 0 0 0 0 2 0 0 0 5 0 0 0 1 0 4 1 2 0 2 10.1 12.6 0 1 1 53 54.22626788 90.08849558 14.4157533 4.247787611 31.35797882 5.663716814 509 24 32 565 277.7342855 42 16 11 21 5 8 5 11 1 2 2 2 1 1 1 1 1 5 1 1 5 6 0 0 6 15 1 1
MERTD27.1 TD Uncinata 1759.386481 0 0 0 2 0 0 0 0 1 0 0 0 0 3 0 0 0 0 0 0 0 1 4 0 0 0 2 0 6 2 3 1 0 16.6 14.9 21.22 0.9 6.5 63 3.81898719 11.9133574 77.40931402 76.53429603 18.77169879 11.55234657 33 212 32 277 103.6355795 27 0 10 25 4 12 6 13 0 0 2 4 1 2 1 2 2 5 1 1 4 7 1 1 5 17 2 3
MONFM44.1 FM Uncinata 1705.162735 1 0 1 1 0 0 0 0 3 0 0 0 0 0 0 0 0 0 1 0 0 4 5 0 0 0 2 0 3 0 0 1 0 46.7 16.3 95.49 3 17 67 18.92328733 44.79392625 44.01342783 37.96095445 37.06328484 17.24511931 413 350 159 922 132.2661458 2 0 10 22 3 7 7 15 0 0 3 4 1 2 2 2 2 9 1 3 3 5 2 5 5 12 2 6
MONFM87.1 FM Uncinata 1814.579296 0 0 0 1 0 0 0 0 2 0 1 0 0 0 0 0 0 0 2 0 0 3 5 0 1 0 1 0 7 0 0 0 0 43.7 16.7 137.93 1.7 3.4 85 17.33533861 45.84717608 39.7531738 34.10852713 42.91148759 20.04429679 414 308 181 903 116.6576187 6 21 9 23 3 10 6 13 0 0 3 3 2 2 1 1 2 8 1 2 2 3 1 3 6 17 3 5
MONFM88.1 FM Uncinata 1802.910692 0 0 0 1 0 0 0 0 3 0 0 0 2 0 0 0 0 0 0 0 0 2 6 0 0 0 1 0 3 0 0 0 0 36.2 16.7 53.05 2.8 14 66 15.01609647 37.7675841 41.15785453 40.21406728 43.826049 22.01834862 247 263 144 654 64.58327957 55 0 7 18 2 6 5 12 0 0 2 2 1 1 1 1 2 8 1 3 2 5 1 2 4 11 2 3
MONFM88.2 FM Uncinata 1778.595098 0 0 0 2 0 0 0 0 3 0 0 0 0 1 0 0 0 0 0 2 0 3 4 0 0 0 2 0 2 0 0 0 0 38.9 16.1 159.15 3 3 79 29.13735087 55.71575695 50.95849903 36.869207 19.9041501 7.415036045 541 358 72 971 236.3775229 7 21 8 19 3 6 5 13 0 0 2 4 1 2 1 2 2 7 1 3 2 4 1 3 5 12 2 5
MONTD88.3 TD Uncinata 1707.263045 0 0 0 0 0 0 0 1 0 0 0 0 0 0 0 0 0 0 2 1 0 2 5 0 0 0 2 0 3 0 1 0 0 29.7 14.7 10.61 0 0 68 13.76602984 33.2781457 67.18136613 57.94701987 19.05260403 8.774834437 201 350 53 604 148.5002806 12 0 8 17 2 4 6 13 0 0 1 2 1 2 0 0 2 7 1 1 0 0 1 2 7 15 2 4
MONTD89.1 TD Uncinata 2103.119295 0 0 1 0 0 0 0 0 0 0 0 0 0 0 0 0 0 0 0 1 2 0 4 0 1 0 2 0 5 4 1 0 0 21.1 15.7 31.83 0 17.65 60 27.63132941 57.60869565 67.25772805 40.39855072 5.110942537 1.992753623 318 223 11 552 157.1718804 75 11 9 21 2 9 7 12 0 0 3 4 2 3 1 1 1 4 0 0 1 4 1 1 7 16 2 3
MONTF1 TF Uncinata 1997.232301 0 0 0 1 2 3 0 0 0 2 2 1 1 0 0 0 0 0 2 0 0 0 4 0 0 0 0 0 2 4 0 0 0 13 13.5 10.61 1 10 77 24.20574887 46.20938628 49.57639939 42.23826715 26.21785174 11.55234657 128 117 32 277 52.5388745 6 42 11 24 4 9 4 8 3 7 1 1 0 0 1 1 1 4 1 1 6 14 0 0 5 10 0 0
PLAFM13.2 FM Uncinata 1704.906513 0 0 0 1 0 1 0 1 3 0 0 0 0 0 0 0 0 0 1 0 0 0 7 0 0 0 2 0 2 0 0 0 0 39 15.8 10.61 4 10 68 17.23431498 36.15279673 56.02560819 50.75034106 26.74007682 13.09686221 265 372 96 733 139.155788 20 0 8 18 3 6 4 11 1 1 2 3 1 2 1 1 1 7 2 4 2 4 0 0 6 14 1 2
PLAFM9a.1 FM Uncinata 1510.176808 0 0 0 1 0 0 0 1 3 0 0 1 0 0 0 0 0 1 0 0 0 1 4 0 0 0 4 0 5 0 0 0 0 42.8 15.7 127.32 12 15 48 37.52748259 58.57385399 57.75925247 39.6434635 4.713264932 1.782682513 690 467 21 1178 340.6381267 46 32 9 21 4 10 5 11 0 0 2 5 1 4 1 1 2 5 3 5 2 4 1 1 6 16 2 5
PLATF16c.1 TF Uncinata 1594.323673 0 0 0 0 0 0 2 0 3 0 1 1 0 4 0 0 0 0 0 0 0 0 6 0 0 0 0 0 2 1 0 1 0 13 15.1 0 5 5 62 72.47083149 92.55813953 19.56874908 6.162790698 7.960419436 1.279069767 796 53 11 860 441.5952143 67 0 9 21 7 14 2 7 0 0 0 0 0 0 0 0 1 6 2 4 6 12 0 0 3 9 0 0
PLATF16c.2 TF Uncinata 1619.903057 0 0 0 1 0 0 2 0 2 0 2 1 0 0 0 1 2 0 0 0 0 2 5 0 0 0 0 1 2 0 0 0 1 14.2 13.6 0 2 2 55 75.33739084 94.09048938 17.53109288 4.893813481 7.131516274 1.015697138 1019 53 11 1083 570.2315319 53 0 12 22 6 10 5 11 1 1 1 1 0 0 1 1 2 7 3 4 5 9 2 3 5 10 1 2
PLATF18b1 TF Uncinata 1691.624275 0 0 1 1 0 0 0 1 3 0 0 0 0 1 0 0 0 0 0 0 0 1 6 0 0 0 0 1 3 0 0 1 0 13.9 14.6 42.44 0 3 72 28.9913625 49.85250737 63.49958206 46.90265487 7.509055447 3.244837758 169 159 11 339 88.47598544 18 0 10 19 5 9 5 10 0 0 2 2 0 0 2 2 2 7 2 4 3 5 3 3 4 11 1 1
RUBBV1 BV Uncinata 2076.600098 0 0 1 1 0 0 1 1 0 0 2 0 0 0 0 0 0 0 1 0 0 3 3 0 2 0 2 0 4 0 0 2 0 47.7 13.8 244.04 8 16 57 13.25433307 42.75037369 22.05119555 27.05530643 64.69447139 30.19431988 286 181 202 669 55.56077753 54 85 12 23 4 8 8 15 0 0 4 6 2 4 2 2 2 6 1 1 3 5 2 4 7 14 3 7
RUBFM1 FM Uncinata 1886.532174 1 0 0 1 0 0 0 1 1 0 1 1 0 0 0 0 0 0 0 0 0 1 2 0 0 0 2 0 3 0 0 2 0 40.2 16.8 53.05 2 4 20 12.36895258 44 33.40867558 31.71428571 54.22237184 24.28571429 308 222 170 700 69.69457176 61 11 11 16 6 8 5 8 0 0 2 3 1 2 1 1 2 3 3 3 4 5 1 1 6 10 2 3
RUBTD1 TD Uncinata 2047.842255 1 0 0 1 0 0 0 0 1 0 0 1 0 1 0 0 0 0 1 0 0 3 6 0 0 0 0 0 5 0 0 0 0 53.8 12.7 181.44 1 6 45 10.84589154 55.38720539 8.920910791 12.45791246 80.23319767 32.15488215 329 74 191 594 127.6440363 28.6 0 9 20 5 9 4 11 0 0 1 1 0 0 1 1 2 9 2 2 3 3 1 3 5 14 1 3
RUBTD2 TD Uncinata 2072.437779 1 0 0 1 0 0 0 0 1 1 0 1 0 1 0 0 0 0 0 0 0 2 7 0 0 0 1 0 5 1 0 0 0 20 13.8 90.72 1.9 11.6 38 26.33261258 74.48630137 25.45830591 14.55479452 48.20908151 10.95890411 435 85 64 584 208.3994562 67 0 11 22 6 10 4 11 1 1 2 2 1 1 1 1 2 9 2 2 5 5 1 2 5 15 2 3
RUBTF1 TF Uncinata 1994.229665 0 0 0 0 0 1 1 0 0 0 0 0 0 3 0 0 0 0 0 0 0 2 3 0 0 0 0 0 2 0 0 0 0 13.1 9.2 0 0 3 30 76.16261626 92.65927978 15.75157516 5.817174515 8.085808581 1.523545706 669 42 11 722 371.2712396 81 0 6 12 3 6 2 5 1 1 0 0 0 0 0 0 2 5 0 0 3 5 1 2 2 5 1 2
RUBTF2 TF Uncinata 1969.443365 0 0 0 2 0 1 3 0 0 0 4 0 0 2 0 0 0 0 1 0 0 0 4 0 0 0 0 0 7 1 0 0 2 7.1 8.7 0 5 10 65 51.94805195 76.47058824 48.05194805 23.52941176 0 0 208 64 0 272 106.5332499 58 0 10 27 5 17 3 7 2 3 1 2 0 0 1 2 1 4 0 0 6 13 0 0 4 14 0 0
RUBTF3 TF Uncinata 2007.773571 0 0 0 0 0 2 2 0 1 0 1 1 0 0 0 0 0 0 1 0 0 2 3 0 0 0 0 1 4 1 0 0 2 2.9 7.2 10.61 0 1 67 61.18598383 90.85714286 38.81401617 9.142857143 0 0 159 16 0 175 87.54617829 27 0 12 21 7 11 3 6 2 4 0 0 0 0 0 0 2 5 2 2 6 9 2 3 4 9 1 2
RUBTFF2 TF Uncinata 2068.552368 0 0 0 1 0 3 3 0 0 0 0 0 0 0 0 0 0 0 0 0 0 2 5 0 0 0 0 0 3 1 0 0 0 3.1 8.9 0 7 24 53 39.68983343 69.56521739 60.31016657 30.43478261 0 0 96 42 0 138 48.12483766 61 11 7 18 3 7 3 8 1 3 1 1 0 0 1 1 2 7 0 0 3 7 1 2 3 9 1 2
RUBTFF3 TF Uncinata 2058.119546 1 0 0 0 0 1 1 0 1 0 0 0 0 1 0 0 0 0 0 0 0 2 5 0 0 0 1 0 3 0 3 0 0 14.1 8.6 21.22 1 3 57 68.60729069 93.80022962 12.29803712 3.673938002 19.09467219 2.525832377 817 32 22 871 456.1341177 96 11 10 19 5 7 4 11 1 1 1 1 1 1 0 0 2 7 1 1 5 5 1 2 4 12 2 3
SOCTD1 TD Uncinata 2113.097191 0 0 0 1 0 0 0 0 0 0 1 0 0 0 0 0 0 0 1 0 0 2 6 0 0 0 0 1 4 1 0 0 0 34.3 12.3 169.76 1.94 11.64 38 24.61521177 55.32994924 51.7806988 39.08629442 23.60408943 5.583756345 436 308 44 788 199.8933049 73 0 8 17 4 7 4 10 0 0 1 1 0 0 1 1 2 8 0 0 2 2 2 3 4 12 1 2
SOCTD2 TD Uncinata 1808.842172 0 0 0 2 2 1 0 0 0 0 0 0 0 0 0 0 0 0 1 0 0 2 5 0 0 2 0 0 4 2 3 0 0 17.8 15.2 116.71 0 26 45 35.59969442 63.30275229 39.60493288 26.83486239 24.79537269 9.862385321 276 117 43 436 119.0560092 59 32 10 24 2 6 6 15 2 3 2 4 1 2 1 2 2 7 0 0 3 5 1 2 6 17 2 4
TREFM1 FM Uncinata 2088.706504 1 0 1 1 0 0 0 0 0 0 1 0 0 0 0 0 0 0 0 0 0 2 6 0 0 0 2 0 3 0 0 0 0 56.1 15.1 74.27 2.9 12.6 60 9.714245446 30.14789534 37.60262147 42.20705347 52.68313308 27.64505119 265 371 243 879 68.43975453 37 21 8 17 3 5 5 12 0 0 3 4 1 2 2 2 2 8 0 0 2 2 2 3 4 12 2 4
TREFM2 FM Uncinata 2061.744034 0 0 1 2 0 0 2 0 0 0 1 1 0 1 0 0 0 0 2 0 0 2 3 0 1 0 1 0 4 0 0 1 0 64.6 18.3 498.68 0.9 4.5 68 17.4322981 47.24612737 35.50622044 34.25129088 47.06148146 18.50258176 549 398 215 1162 167.2552939 74 53 13 22 5 9 8 13 0 0 4 5 2 2 2 3 2 5 1 1 4 5 2 3 7 14 3 4
TRETF1 TF Uncinata 1816.413566 1 0 0 0 0 1 3 0 2 1 2 1 0 2 0 1 0 0 0 0 0 2 4 0 0 0 0 0 4 0 0 0 1 3.9 8.8 7.96 0 0 43 100 100 0 0 0 0 270 0 0 270 155.8845727 45 0 13 25 7 15 3 7 3 3 0 0 0 0 0 0 2 6 3 4 8 13 1 2 4 10 1 2
TRETF2 TF Uncinata 1917.684523 0 0 0 1 0 3 3 0 1 1 0 0 0 0 0 0 0 0 0 0 0 0 6 0 0 0 0 0 3 0 0 0 2 12.8 8.9 10.61 2 7 45 79.94854722 93.5128519 20.05145278 6.487148103 0 0 764 53 0 817 426.6196589 101 0 8 20 3 7 2 7 3 6 1 1 0 0 1 1 1 6 1 1 5 10 0 0 3 10 0 0
URUFM57.1 FM Uncinata 1614.53298 0 1 0 1 0 0 0 0 4 0 1 0 0 0 0 4 0 1 2 0 0 1 8 0 0 0 3 0 4 0 0 0 0 31.2 16.2 10.61 4 4 72 20.83620204 44.80337079 57.33241535 46.20786517 21.83138261 8.988764045 319 329 64 712 150.1943186 72 11 11 30 3 9 7 20 1 1 3 5 1 3 2 2 2 9 2 8 4 7 1 1 6 22 2 4
URUTD15.1 TD Uncinata 1869.105216 2 1 1 1 1 0 1 0 1 0 1 0 0 1 0 0 1 0 3 0 0 2 3 0 0 0 2 0 5 0 1 2 0 35.7 17.9 0 7 22 67 12.13052859 49.09090909 23.88888889 24.62809917 63.98058252 26.28099174 297 149 159 605 82.71235297 60 11 17 29 6 11 9 16 2 2 4 5 1 2 3 3 2 5 1 1 9 11 2 3 6 15 2 4
URUTD15.2 TD Uncinata 1720.641265 1 0 0 1 0 0 0 1 3 0 1 1 0 2 0 1 0 0 0 0 0 1 4 0 0 0 1 0 5 5 3 0 0 24.2 16.1 21.22 2 18 73 13.43759974 40.05376344 23.45196297 22.84946237 63.11043728 37.09677419 149 85 138 372 34.21987726 13 85 14 30 8 19 6 11 0 0 2 2 1 1 1 1 2 5 4 6 5 12 1 1 8 17 2 2
URUTD43.1 TD Uncinata 1655.096799 0 0 0 1 0 0 0 0 3 0 0 0 0 1 0 0 0 0 0 0 0 1 6 0 0 0 2 1 5 0 0 0 0 23 14.9 0 0 3 58 33.98041864 70.5963939 41.44159352 22.05270458 24.57798785 7.350901526 509 159 53 721 238.6322135 40 11 8 20 4 10 4 10 0 0 2 3 1 2 1 1 2 7 1 3 2 4 2 2 4 14 2 3
URUTD58.1 TD Uncinata 1792.424918 1 0 0 1 0 0 0 0 2 0 1 0 0 1 1 0 0 0 1 1 0 1 4 0 0 0 0 0 5 0 0 2 0 26.6 15.6 0 0 0 60 14.44713479 41.63701068 50.7300609 43.41637011 34.82280431 14.94661922 234 244 84 562 89.6288644 80 21 12 21 5 10 7 11 0 0 1 1 0 0 1 1 2 5 2 3 6 8 1 1 5 12 1 1
URUTD60.1 TD Uncinata 1583.513084 2 1 0 2 0 0 0 0 1 0 1 1 0 0 0 0 0 1 2 0 0 3 6 0 1 0 2 0 5 0 0 0 0 33 15.7 63.66 14 17 74 29.43611278 61.32858837 45.41691662 30.13048636 25.14697061 8.540925267 517 254 72 843 223.725278 28 80 13 28 5 10 7 17 1 1 4 6 2 3 2 3 2 9 2 2 5 6 1 3 7 19 3 6
URUTD65.1 TD Uncinata 1714.918779 0 0 0 0 0 0 0 0 0 0 0 0 0 0 0 1 0 0 0 0 0 0 10 0 0 0 1 2 3 0 0 1 0 13.2 14 0.3 0 3 90 53.125447 76.55310621 46.874553 23.44689379 0 0 382 117 0 499 195.7200381 47 0 6 18 2 5 4 13 0 0 1 1 1 1 0 0 1 10 1 1 1 1 1 2 4 15 1 1
URUTD67.1 TD Uncinata 1891.418751 1 0 0 1 0 0 1 0 1 0 0 1 0 0 0 0 0 0 1 0 0 1 7 0 0 0 1 0 2 4 0 1 0 10.8 12 0 1 3 63 60.11365654 81.7987152 39.88634346 18.2012848 0 0 382 85 0 467 200.5650352 9 11 12 22 6 10 6 12 0 0 2 2 1 1 1 1 2 8 2 2 5 8 1 1 6 13 2 2
URUTD67.2 TD Uncinata 1891.418751 0 1 0 1 0 0 0 0 2 0 0 0 0 0 0 0 0 0 2 2 0 2 5 0 0 0 0 0 3 0 0 0 0 15.1 11.5 0 1 7 50 70.34612964 89.18575064 29.65387036 10.81424936 0 0 701 85 0 786 382.5532643 11 11 8 18 2 5 5 12 1 1 2 2 0 0 2 2 2 7 1 2 2 3 1 2 5 13 1 2
VIRBV1 BV Uncinata 1906.579956 0 0 1 1 0 0 0 0 0 0 0 0 0 1 0 0 0 0 0 0 0 0 4 0 1 0 1 0 3 0 0 0 0 50.5 14.5 137.93 7 12 48.33 14.99038092 45.93716143 36.35629088 33.36944745 48.6533282 20.69339112 424 308 191 923 116.5003577 87.33 0 7 12 2 4 5 8 0 0 4 4 2 2 2 2 1 4 0 0 1 1 1 1 5 10 2 2
VIRFM1 FM Uncinata 2006.985687 0 0 0 2 0 0 0 0 1 0 0 0 0 0 0 0 0 0 0 0 0 0 8 0 0 0 1 0 5 0 3 0 0 44.9 16.3 148.54 10 44 10 17.3059881 47.64573991 37.00890408 30.94170404 45.68510782 21.41255605 425 276 191 892 118.449708 64 21 6 20 2 6 4 14 0 0 2 3 1 1 1 2 1 8 1 1 1 1 0 0 5 19 1 1
VIRFM2 FM Uncinata 2106.638378 0 0 0 1 0 0 0 0 0 0 0 0 0 0 0 0 0 0 0 0 0 3 3 0 0 0 1 0 5 0 0 0 0 43.7 16.4 84.88 0 29 25 17.61827833 47.2611465 35.16270482 31.08280255 47.21901685 21.65605096 371 244 170 785 101.6579231 52 0 5 13 1 5 4 8 0 0 2 2 1 1 1 1 2 6 0 0 0 0 1 3 4 10 2 4
VIRFM3 FM Uncinata 1980.037073 0 0 0 2 0 0 0 0 1 0 1 0 0 2 0 0 0 0 1 0 0 4 4 0 0 1 1 2 3 3 0 0 0 43.4 16.4 137.93 6 38 53 23.37070621 48.32826748 54.04475812 41.94528875 22.58453567 9.726443769 477 414 96 987 204.227814 72 0 12 25 6 12 6 13 0 0 3 4 2 2 1 2 2 8 1 1 4 7 2 6 6 12 3 6
VIRTF1 TF Uncinata 1864.513145 0 0 0 0 0 1 1 0 2 0 2 0 0 0 0 0 0 0 1 1 0 0 0 0 0 0 0 0 2 1 0 1 0 7.2 7.1 0 0 2 28 83.55795148 96.42857143 16.44204852 3.571428571 0 0 594 22 0 616 336.7749001 113 11 9 12 5 8 3 3 1 1 0 0 0 0 0 0 0 0 1 2 6 8 0 0 3 4 0 0
VIRTF2 TF Uncinata 1949.461112 0 0 0 1 0 3 3 0 3 0 1 0 0 1 0 0 0 0 0 0 0 0 0 0 0 0 0 0 4 0 0 0 1 4.1 8.6 0 0 4 27 88.54643898 97.59299781 11.45356102 2.407002188 0 0 446 11 0 457 254.3822583 62 11 8 17 5 12 1 1 2 4 1 1 0 0 1 1 0 0 1 3 6 12 0 0 2 5 0 0
VIRTF3 TF Uncinata 1937.762603 0 0 0 1 0 3 1 0 2 0 2 0 0 0 0 0 0 0 0 0 0 1 3 0 0 0 0 1 0 3 4 0 0 2.6 7 0 1 1 22 79.68980798 93.56725146 20.31019202 6.432748538 0 0 160 11 0 171 89.37001734 57 11 10 21 5 9 4 9 1 3 1 1 0 0 1 1 2 4 1 2 5 11 2 2 3 8 1 1
VIRTF4 TF Uncinata 1874.273617 0 0 0 1 2 2 0 0 1 0 0 0 0 1 0 0 0 0 0 0 0 1 4 0 0 0 0 0 3 0 0 0 0 6.4 8.9 0 0 0 13 91.51234568 96.95290859 8.487654321 3.047091413 0 0 350 11 0 361 198.9731975 69 0 8 15 3 5 3 6 2 4 1 1 0 0 1 1 2 5 1 1 4 6 1 1 3 8 1 1
VIRTF5 TF Uncinata 1856.132943 1 0 0 1 1 0 0 0 2 0 1 1 0 1 0 0 0 0 1 0 0 2 3 0 0 0 0 0 3 1 2 0 0 13.1 9.4 10.61 0 9 40 78.14606742 94.11764706 21.85393258 5.882352941 0 0 848 53 0 901 475.0329813 87 11 13 20 7 10 5 9 1 1 1 1 0 0 1 1 2 5 2 3 6 7 1 2 6 11 1 2
